eid	GMid	SYS	weightFC.BB	weightFC.BP	weightFC.B15	BAvg	weightFC.P	weightR.M	weight	weight.HPA4s	Inode
6288	6288	P0DJI8	0	0	0	0	1	0	0	0	0.35
6289	6289	P0DJI9	0	0	0	0	0.982802646183548	0	0	0	0.343980926164242
260436	260436	FDCSP	1	0	0.751370952982499	0.583790317660833	0	0	0	0	0.233516127064333
1401	1401	P02741	0	0	0	0	0.658957054846182	0	0	0	0.230634969196164
9509	9509	ADAMTS2	0	1	0.680474983774297	0.560158327924766	0	0	0	0	0.224063331169906
8338	8338	Q16777	0.279788838612368	0	0	0.0932629462041226	0.460873215238513	0	0	0	0.198610803815129
7123	7123	P05452	0	0	1	0.333333333333333	0.154631724369687	0	0	0	0.187454436862724
3020	3020	P84243	0	0	0	0	0.475161143893972	0	0	0	0.16630640036289
6036	6036	RNASE2	0	0.5126953125	0.723898739867855	0.412198017455952	0	0	0	0	0.164879206982381
2316	2316	P21333	0.143665158371041	0	0	0.0478883861236803	0.404971741464688	0	0	0	0.160895463962113
285590	285590	SH3PXD2B	0	0.4482421875	0.683265823009005	0.377169336836335	0	0	0	0	0.150867734734534
7148	7148	P22105	0	0	0.765201212764236	0.255067070921412	0.118022582914622	0	0	0	0.143334732388682
8407	8407	P37802	0	0	0	0	0.409248332989507	0	0	0	0.143236916546327
2108	2108	ETFA	0	0	0.698686035653067	0.232895345217689	0	0	1	0	0.143158138087076
9470	9470	EIF4E2	0	0	0.679227679644279	0.226409226548093	0	0	1	0	0.140563690619237
1178	1178	CLC	0	0.5703125	0.465091033335486	0.345134511111829	0	0	0	0	0.138053804444731
1956	1956	EGFR	0.283559577677225	0	0	0.0945198592257417	0	1	0	0	0.137807943690297
8294	8294	P62805	0	0	0	0	0.390063695037883	0	0	0	0.136522293263259
3240	3240	P00738	0	0	0	0	0.387790730439111	0	0	0	0.135726755653689
3929	3929	P18428	0	0	0	0	0.384344779214406	0	0	0	0.134520672725042
22844	22844	Q5SYB0	0	0	0	0	0.381030195050724	0	0	0	0.133360568267753
3872	3872	KRT17	0.326168929110106	0	0.669064415729436	0.331744448279847	0	0	0	0	0.132697779311939
3347	3347	HTN3	0.992835595776772	0	0	0.330945198592257	0	0	0	0	0.132378079436903
6236	6236	RRAD	0	0	0.932305216700617	0.310768405566872	0	0	0	0	0.124307362226749
735	735	P02748	0	0	0	0	0.351521312082546	0	0	0	0.123032459228891
3936	3936	P13796	0	0.4296875	0	0.143229166666667	0.174085250906698	0	0	0	0.118221504484011
58189	58189	WFDC1	0	0.884765625	0	0.294921875	0	0	0	0	0.11796875
12	12	P01011	0	0	0	0	0.33660487285806	0	0	0	0.117811705500321
5004	5004	P02763	0	0	0	0	0.334647185053596	0	0	0	0.117126514768759
3627	3627	CXCL10	0	0.46484375	0.411515229919457	0.292119659973152	0	0	0	0	0.116847863989261
7079	7079	TIMP4	0	0.85546875	0	0.28515625	0	0	0	0	0.1140625
6525	6525	SMTN	0	0	0.840134857572962	0.280044952524321	0	0	0	0	0.112017981009728
27106	27106	ARRDC2	0	0	0.839317622007906	0.279772540669302	0	0	0	0	0.111909016267721
23187	23187	PHLDB1	0	0	0.83834464972163	0.279448216573877	0	0	0	0	0.111779286629551
440689	440689	Q5QNW6	0	0	0	0	0.318603127404725	0	0	0	0.111511094591654
9064	9064	MAP3K6	0	0	0.835019752042064	0.278339917347355	0	0	0	0	0.111335966938942
7057	7057	P07996	0.136123680241327	0	0	0.0453745600804423	0.264780108505461	0	0	0	0.110822862009088
2621	2621	GAS6	0	0	0.827769918708244	0.275923306236081	0	0	0	0	0.110369322494433
56949	56949	XAB2	0.100678733031674	0	0.718848352739402	0.273175695257025	0	0	0	0	0.10927027810281
6284	6284	S100A13	0	0	0.818078314809778	0.272692771603259	0	0	0	0	0.109077108641304
6351	6351	CCL4	0	0.201171875	0.61627085882371	0.27248091127457	0	0	0	0	0.108992364509828
5362	5362	PLXNA2	0	0	0.811474184220024	0.270491394740008	0	0	0	0	0.108196557896003
57413	57413	TMIGD3	0.268099547511312	0.5400390625	0	0.269379536670437	0	0	0	0	0.107751814668175
57572	57572	DOCK6	0	0	0.808065913054994	0.269355304351665	0	0	0	0	0.107742121740666
3959	3959	Q08380	0.145173453996983	0	0	0.0483911513323277	0.252250835915779	0	0	0	0.107644253103454
2335	2335	P02751	0	0.5107421875	0	0.170247395833333	0.1122390851085	0	0	0	0.107382638121308
22980	22980	TCF25	0	0	0.80397919622043	0.26799306540681	0	0	0	0	0.107197226162724
22899	22899	ARHGEF15	0	0	0.799226713716889	0.266408904572296	0	0	0	0	0.106563561828919
1071	1071	P11597	0	0	0	0	0.303613377403913	0	0	0	0.10626468209137
6037	6037	RNASE3	0	0.373046875	0.423454830746693	0.265500568582231	0	0	0	0	0.106200227432892
1577	1577	CYP3A5	0	0	0.790920426322048	0.263640142107349	0	0	0	0	0.10545605684294
4128	4128	MAOA	0	0.7900390625	0	0.263346354166667	0	0	0	0	0.105338541666667
5187	5187	PER1	0	0	0.78928582894922	0.263095276316407	0	0	0	0	0.105238110526563
3690	3690	ITGB3	0	0	0.786900449479398	0.262300149826466	0	0	0	0	0.104920059930586
25802	25802	LMOD1	0	0	0.784756761774234	0.261585587258078	0	0	0	0	0.104634234903231
79228	79228	THOC6	0	0	0.782575573076685	0.260858524358895	0	0	0	0	0.104343409743558
8839	8839	WISP2	0	0	0.777401540223386	0.259133846741129	0	0	0	0	0.103653538696451
2580	2580	GAK	0	0	0.776995404564412	0.258998468188137	0	0	0	0	0.103599387275255
325	325	P02743	0	0	0	0	0.294340354335554	0	0	0	0.103019124017444
4855	4855	NOTCH4	0	0	0.772178308941928	0.257392769647309	0	0	0	0	0.102957107858924
3777	3777	KCNK3	0	0	0.772027002657712	0.257342334219237	0	0	0	0	0.102936933687695
27166	27166	PRELID1	0	0	0.764998401157099	0.254999467052366	0	0	0	0	0.101999786820947
3732	3732	CD82	0	0	0.764841312322753	0.254947104107584	0	0	0	0	0.101978841643034
6405	6405	SEMA3F	0	0	0.76042766576148	0.25347588858716	0	0	0	0	0.101390355434864
64411	64411	ARAP3	0	0	0.758260148159185	0.252753382719728	0	0	0	0	0.101101353087891
9673	9673	SLC25A44	0	0	0.755598777574378	0.251866259191459	0	0	0	0	0.100746503676584
6904	6904	TBCD	0	0	0.7545948768783	0.2515316256261	0	0	0	0	0.10061265025044
6273	6273	S100A2	0	0	0.750501172338702	0.250167057446234	0	0	0	0	0.100066822978494
26472	26472	PPP1R14B	0	0	0.750153544574103	0.250051181524701	0	0	0	0	0.10002047260988
1508	1508	CTSB	0	0	0	0	0	0	0	1	0.1
1514	1514	CTSL	0	0	0	0	0	0	0	1	0.1
59272	59272	ACE2	0	0	0	0	0	0	0	1	0.1
7113	7113	TMPRSS2	0	0	0	0	0	0	0	1	0.1
6045	6045	BAP1	0	0	0.748296983501501	0.249432327833834	0	0	0	0	0.0997729311335335
115330	115330	GPR146	0	0	0.747742100451085	0.249247366817028	0	0	0	0	0.0996989467268113
134266	134266	GRPEL2	0	0	0.747693054180334	0.249231018060111	0	0	0	0	0.0996924072240445
4097	4097	MAFG	0	0	0.745863439591496	0.248621146530499	0	0	0	0	0.0994484586121995
23192	23192	ATG4B	0	0	0.745802505302334	0.248600835100778	0	0	0	0	0.0994403340403112
10120	10120	ACTR1B	0	0	0.744980740840702	0.248326913613567	0	0	0	0	0.0993307654454269
222658	222658	KCTD20	0	0	0.743945954546865	0.247981984848955	0	0	0	0	0.099192793939582
83606	83606	GUCD1	0	0	0.742998701005489	0.247666233668496	0	0	0	0	0.0990664934673985
342035	342035	GLDN	0	0.7412109375	0	0.2470703125	0	0	0	0	0.098828125
64344	64344	HIF3A	0	0	0.74083009758584	0.246943365861947	0	0	0	0	0.0987773463447787
10411	10411	RAPGEF3	0	0	0.740640353887226	0.246880117962409	0	0	0	0	0.0987520471849635
54461	54461	FBXW5	0	0	0.739449925269876	0.246483308423292	0	0	0	0	0.0985933233693168
3632	3632	INPP5A	0	0	0.739080417302632	0.246360139100877	0	0	0	0	0.0985440556403509
6423	6423	SFRP2	0	0	0.737105518385944	0.245701839461981	0	0	0	0	0.0982807357847925
10915	10915	TCERG1	0	0	0.736151556514505	0.245383852171502	0	0	0	0	0.0981535408686007
113791	113791	PIK3IP1	0	0	0.73457320863994	0.244857736213313	0	0	0	0	0.0979430944853253
3064	3064	HTT	0	0	0	0	0	0.975	0	0	0.0975
8322	8322	FZD4	0	0	0.730677183705408	0.243559061235136	0	0	0	0	0.0974236244940544
6035	6035	RNASE1	0	0.73046875	0	0.243489583333333	0	0	0	0	0.0973958333333333
51061	51061	TXNDC11	0	0	0.730296861107805	0.243432287035935	0	0	0	0	0.097372914814374
23644	23644	EDC4	0	0	0.727319561135047	0.242439853711682	0	0	0	0	0.0969759414846729
23368	23368	PPP1R13B	0	0	0.725643275313504	0.241881091771168	0	0	0	0	0.0967524367084672
23492	23492	CBX7	0	0	0.725601125030909	0.24186704167697	0	0	0	0	0.0967468166707879
22906	22906	TRAK1	0	0	0.724358222173716	0.241452740724572	0	0	0	0	0.0965810962898288
291	291	SLC25A4	0	0	0.723337063513193	0.241112354504398	0	0	0	0	0.0964449418017591
55716	55716	LMBR1L	0	0	0.72279935101592	0.240933117005307	0	0	0	0	0.0963732468021227
29920	29920	PYCR2	0	0	0.720948101479756	0.240316033826585	0	0	0	0	0.0961264135306341
6257	6257	RXRB	0	0	0.719750739911291	0.239916913303764	0	0	0	0	0.0959667653215055
64112	64112	MOAP1	0	0	0.718936966759929	0.239645655586643	0	0	0	0	0.0958582622346572
8642	8642	DCHS1	0	0	0.717851343563431	0.23928378118781	0	0	0	0	0.0957135124751241
414332	414332	LCN10	0	0	0.717277302977481	0.239092434325827	0	0	0	0	0.0956369737303308
6909	6909	TBX2	0	0	0.716615852469822	0.238871950823274	0	0	0	0	0.0955487803293096
8731	8731	RNMT	0	0	0.714965338684829	0.23832177956161	0	0	0	0	0.0953287118246439
4242	4242	MFNG	0	0	0.71406546052603	0.238021820175343	0	0	0	0	0.0952087280701373
196410	196410	METTL7B	0.302413273001508	0	0.410259298635054	0.237557523878854	0	0	0	0	0.0950230095515416
9356	9356	SLC22A6	0	0	0	0	0	0.95	0	0	0.095
10809	10809	STARD10	0	0	0.71005492816594	0.236684976055313	0	0	0	0	0.0946739904221253
51083	51083	GAL	0	0	0.709097997722174	0.236365999240725	0	0	0	0	0.0945463996962899
2624	2624	GATA2	0	0	0.707512912759553	0.235837637586518	0	0	0	0	0.0943350550346071
123096	123096	SLC25A29	0	0	0.707104405622187	0.235701468540729	0	0	0	0	0.0942805874162916
51285	51285	RASL12	0	0	0.70577817306642	0.23525939102214	0	0	0	0	0.094103756408856
80148	80148	PQLC1	0	0	0.705337462500297	0.235112487500099	0	0	0	0	0.0940449950000396
24144	24144	TFIP11	0	0	0.704262741426698	0.234754247142233	0	0	0	0	0.0939016988568931
23650	23650	TRIM29	0	0	0.703718241555499	0.234572747185166	0	0	0	0	0.0938290988740665
51257	51257	MARCH2	0	0	0.703006952632467	0.234335650877489	0	0	0	0	0.0937342603509956
337	337	P06727	0	0	0	0	0.267659488521575	0	0	0	0.0936808209825512
57553	57553	MICAL3	0	0	0.701798735408823	0.233932911802941	0	0	0	0	0.0935731647211764
64943	64943	NT5DC2	0	0	0.701649797840931	0.233883265946977	0	0	0	0	0.0935533063787908
25966	25966	C2CD2	0	0	0.700856280552997	0.233618760184332	0	0	0	0	0.0934475040737329
90864	90864	SPSB3	0	0	0.700824197192926	0.233608065730975	0	0	0	0	0.0934432262923901
55795	55795	PCID2	0	0	0.700542606636617	0.233514202212206	0	0	0	0	0.0934056808848823
1408	1408	CRY2	0	0	0.700070670007335	0.233356890002445	0	0	0	0	0.093342756000978
9905	9905	SGSM2	0	0	0.699875660346392	0.233291886782131	0	0	0	0	0.0933167547128523
80325	80325	ABTB1	0	0	0.698993768525403	0.232997922841801	0	0	0	0	0.0931991691367204
10392	10392	NOD1	0	0	0.697489409200661	0.232496469733554	0	0	0	0	0.0929985878934215
8836	8836	GGH	0	0	0	0	0.122740665263412	0	1	0	0.0929592328421942
130617	130617	ZFAND2B	0	0	0.696960249363195	0.232320083121065	0	0	0	0	0.092928033248426
54880	54880	BCOR	0	0	0.696560478563105	0.232186826187702	0	0	0	0	0.0928747304750807
64760	64760	FAM160B2	0	0	0.69584112342904	0.231947041143013	0	0	0	0	0.0927788164572053
9925	9925	ZBTB5	0	0	0.695475501609091	0.23182516720303	0	0	0	0	0.0927300668812121
5564	5564	PRKAB1	0	0	0.695298116130207	0.231766038710069	0	0	0	0	0.0927064154840276
3708	3708	ITPR1	0	0	0.694993711711306	0.231664570570435	0	0	0	0	0.0926658282281741
23053	23053	ZSWIM8	0	0	0.693909267186361	0.23130308906212	0	0	0	0	0.0925212356248481
26036	26036	ZNF451	0	0	0.693844823772075	0.231281607924025	0	0	0	0	0.09251264316961
57521	57521	RPTOR	0	0	0	0	0	0.925	0	0	0.0925
51477	51477	ISYNA1	0	0	0.693444977177612	0.231148325725871	0	0	0	0	0.0924593302903483
57584	57584	ARHGAP10	0	0	0.69330586680106	0.231101955600353	0	0	0	0	0.0924407822401413
4642	4642	MYO1D	0	0	0.692712305711452	0.230904101903817	0	0	0	0	0.0923616407615269
9842	9842	PLEKHM1	0	0	0.691481960186538	0.230493986728846	0	0	0	0	0.0921975946915384
127435	127435	PODN	0	0	0.691441707687812	0.230480569229271	0	0	0	0	0.0921922276917083
55007	55007	FAM118A	0	0	0.69104722015359	0.23034907338453	0	0	0	0	0.092139629353812
55316	55316	RSAD1	0	0	0.690740001431937	0.230246667143979	0	0	0	0	0.0920986668575916
2004	2004	ELK3	0	0	0.690431842713831	0.230143947571277	0	0	0	0	0.0920575790285108
9701	9701	PPP6R2	0	0	0.689831803926771	0.229943934642257	0	0	0	0	0.0919775738569028
23220	23220	DTX4	0	0	0.689797385157656	0.229932461719219	0	0	0	0	0.0919729846876875
9324	9324	HMGN3	0	0	0.688154810772316	0.229384936924105	0	0	0	0	0.0917539747696421
4236	4236	MFAP1	0	0	0.688117450970308	0.229372483656769	0	0	0	0	0.0917489934627077
23252	23252	OTUD3	0	0	0.687625732009646	0.229208577336549	0	0	0	0	0.0916834309346195
8227	8227	AKAP17A	0	0	0.687347782182839	0.22911592739428	0	0	0	0	0.0916463709577119
955	955	ENTPD6	0	0	0.686867418567807	0.228955806189269	0	0	0	0	0.0915823224757076
7508	7508	XPC	0	0	0.686812865141271	0.228937621713757	0	0	0	0	0.0915750486855028
112	112	ADCY6	0	0	0.686460017313401	0.228820005771134	0	0	0	0	0.0915280023084535
23500	23500	DAAM2	0	0	0.686050067077167	0.228683355692389	0	0	0	0	0.0914733422769556
51293	51293	CD320	0	0	0.685548715244717	0.228516238414906	0	0	0	0	0.0914064953659623
27147	27147	DENND2A	0	0	0.68531653668935	0.228438845563117	0	0	0	0	0.0913755382252467
161742	161742	SPRED1	0	0	0.684713840631182	0.228237946877061	0	0	0	0	0.0912951787508243
4776	4776	NFATC4	0	0	0.684382740832918	0.228127580277639	0	0	0	0	0.0912510321110557
51665	51665	ASB1	0	0	0.684225624459137	0.228075208153046	0	0	0	0	0.0912300832612183
83857	83857	TMTC1	0	0	0.684023909880097	0.228007969960032	0	0	0	0	0.0912031879840129
5507	5507	PPP1R3C	0	0	0.684008027587586	0.228002675862529	0	0	0	0	0.0912010703450115
5553	5553	PRG2	0	0	0.683661029411831	0.227887009803944	0	0	0	0	0.0911548039215775
55602	55602	CDKN2AIP	0	0	0.683522817194539	0.227840939064846	0	0	0	0	0.0911363756259385
5228	5228	PGF	0	0	0.68339374132684	0.227797913775613	0	0	0	0	0.0911191655102453
9002	9002	F2RL3	0	0	0.683300334469845	0.227766778156615	0	0	0	0	0.091106711262646
90139	90139	TSPAN18	0	0	0.682946063527475	0.227648687842492	0	0	0	0	0.0910594751369967
29781	29781	NCAPH2	0	0	0.681996722594441	0.227332240864814	0	0	0	0	0.0909328963459255
6499	6499	SKIV2L	0	0	0.681957824483484	0.227319274827828	0	0	0	0	0.0909277099311312
9975	9975	NR1D2	0	0	0.681883579955022	0.227294526651674	0	0	0	0	0.0909178106606696
200014	200014	CC2D1B	0	0	0.681529865975377	0.227176621991792	0	0	0	0	0.0908706487967169
9452	9452	ITM2A	0	0	0.680832695764958	0.226944231921653	0	0	0	0	0.0907776927686611
8216	8216	LZTR1	0	0	0.679576053573205	0.226525351191068	0	0	0	0	0.0906101404764273
10529	10529	NEBL	0	0	0.679481028063601	0.2264936760212	0	0	0	0	0.0905974704084801
9646	9646	CTR9	0	0	0.67834240835285	0.226114136117617	0	0	0	0	0.0904456544470467
65982	65982	ZSCAN18	0	0	0.677303588222361	0.225767862740787	0	0	0	0	0.0903071450963148
5817	5817	PVR	0	0	0	0	0.11512553333318	0	1	0	0.090293936666613
26051	26051	PPP1R16B	0	0	0.677024552903149	0.225674850967716	0	0	0	0	0.0902699403870865
27352	27352	SGSM3	0	0	0.676870153103683	0.225623384367894	0	0	0	0	0.0902493537471577
55830	55830	GLT8D1	0	0	0.675498419309161	0.22516613976972	0	0	0	0	0.0900664559078881
2644	2644	GCHFR	0	0	0.675410280526665	0.225136760175555	0	0	0	0	0.090054704070222
4915	4915	NTRK2	0	0	0.675384087843531	0.225128029281177	0	0	0	0	0.0900512117124708
6548	6548	SLC9A1	0	0	0.675366095412925	0.225122031804308	0	0	0	0	0.0900488127217233
27178	27178	IL37	0	0	0	0	0	0.9	0	0	0.09
55072	55072	RNF31	0	0	0.672959748359952	0.224319916119984	0	0	0	0	0.0897279664479936
3704	3704	ITPA	0	0	0.671478764409813	0.223826254803271	0	0	0	0	0.0895305019213084
55720	55720	TSR1	0	0	0.671410299344466	0.223803433114822	0	0	0	0	0.0895213732459288
546	546	ATRX	0	0	0.670575963334033	0.223525321111344	0	0	0	0	0.0894101284445377
10321	10321	P54108	0.368778280542986	0	0	0.122926093514329	0.1148970000529	0	0	0	0.0893843874242465
55743	55743	CHFR	0	0	0.669538813360581	0.223179604453527	0	0	0	0	0.0892718417814108
11326	11326	VSIG4	0	0.6689453125	0	0.222981770833333	0	0	0	0	0.0891927083333333
714	714	C1QC	0.101432880844646	0.5673828125	0	0.222938564448215	0	0	0	0	0.0891754257792861
25989	25989	ULK3	0	0	0.668708000285608	0.222902666761869	0	0	0	0	0.0891610667047477
56339	56339	METTL3	0	0	0.66786126332464	0.222620421108213	0	0	0	0	0.0890481684432853
2523	2523	FUT1	0	0	0.667721641234523	0.222573880411508	0	0	0	0	0.0890295521646031
3954	3954	LETM1	0	0	0.666753750908158	0.222251250302719	0	0	0	0	0.0889005001210877
6402	6402	SELL	0	0	0.66673157142741	0.22224385714247	0	0	0	0	0.088897542856988
116844	116844	P02750	0	0	0	0	0.25358861710736	0	0	0	0.088756015987576
710	710	P05155	0	0	0	0	0.252155930157425	0	0	0	0.0882545755550987
1116	1116	CHI3L1	0	0.2919921875	0.36435794780296	0.21878337843432	0	0	0	0	0.087513351373728
2078	2078	ERG	0	0	0	0	0	0.875	0	0	0.0875
1066	1066	CES1	0	0.6376953125	0	0.212565104166667	0	0	0	0	0.0850260416666667
7350	7350	UCP1	0	0	0	0	0	0.85	0	0	0.085
341640	341640	FREM2	0.304298642533937	0	0.332445062355702	0.21224790162988	0	0	0	0	0.0848991606519519
10960	10960	LMAN2	0	0	0	0	0.099541163560015	0	1	0	0.0848394072460052
400410	400410	ST20	0	0	0.621582388112714	0.207194129370905	0	0	0	0	0.0828776517483619
1588	1588	CYP19A1	0	0	0.606793408230148	0.202264469410049	0	0	0	0	0.0809057877640197
3273	3273	P04196	0	0	0	0	0.229073497929104	0	0	0	0.0801757242751864
27232	27232	GNMT	0	0	0	0	0	0.8	0	0	0.08
6507	6507	SLC1A3	0	0.5966796875	0	0.198893229166667	0	0	0	0	0.0795572916666667
4360	4360	MRC1	0	0.5947265625	0	0.1982421875	0	0	0	0	0.079296875
53829	53829	P2RY13	0	0	0.591585675321987	0.197195225107329	0	0	0	0	0.0788780900429316
89858	89858	SIGLEC12	0	0.5859375	0	0.1953125	0	0	0	0	0.078125
440068	440068	CARD17	0	0	0.5829584457122	0.194319481904067	0	0	0	0	0.0777277927616267
26253	26253	CLEC4E	0	0	0.58273704791125	0.194245682637083	0	0	0	0	0.0776982730548333
6927	6927	HNF1A	0	0	0	0	0	0.775	0	0	0.0775
55301	55301	OLAH	0	0.580078125	0	0.193359375	0	0	0	0	0.07734375
6382	6382	SDC1	0	0.5771484375	0	0.1923828125	0	0	0	0	0.076953125
247	247	ALOX15B	0	0.5732421875	0	0.191080729166667	0	0	0	0	0.0764322916666667
10814	10814	CPLX2	0	0	0.573212394726785	0.191070798242262	0	0	0	0	0.0764283192969047
6779	6779	STATH	0.57315233785822	0	0	0.191050779286073	0	0	0	0	0.0764203117144293
3486	3486	P17936	0	0.26953125	0	0.08984375	0.115377839559812	0	0	0	0.0763197438459342
3699	3699	Q06033	0	0	0	0	0.217313143993582	0	0	0	0.0760596003977537
5447	5447	POR	0.193815987933635	0	0	0.0646053293112117	0	0	1	0	0.0758421317244847
7450	7450	P04275	0	0	0	0	0.214304567505249	0	0	0	0.0750065986268371
7038	7038	TG	0	0	0	0	0	0.75	0	0	0.075
6699	6699	SPRR1B	0.545625942684766	0	0	0.181875314228255	0	0	0	0	0.0727501256913021
383	383	ARG1	0	0	0	0	0	0.725	0	0	0.0725
2867	2867	FFAR2	0	0	0.543217119998214	0.181072373332738	0	0	0	0	0.0724289493330952
931	931	MS4A2	0	0.5419921875	0	0.1806640625	0	0	0	0	0.072265625
5468	5468	PPARG	0	0.5390625	0	0.1796875	0	0	0	0	0.071875
6283	6283	S100A12	0	0	0.537783271670224	0.179261090556741	0	0	0	0	0.0717044362226965
415	415	ARSE	0	0	0.537280205650135	0.179093401883378	0	0	0	0	0.0716373607533513
131405	131405	TRIM71	0	0.537109375	0	0.179036458333333	0	0	0	0	0.0716145833333333
8409	8409	STAP1	0	0	0.536235915733005	0.178745305244335	0	0	0	0	0.071498122097734
338339	338339	CLEC4D	0	0	0.535804902459827	0.178601634153276	0	0	0	0	0.0714406536613103
6355	6355	CCL8	0	0	0.533684398896733	0.177894799632244	0	0	0	0	0.0711579198528977
3561	3561	IL2RG	0	0	0.532287763766723	0.177429254588908	0	0	0	0	0.0709717018355631
2537	2537	IFI6	0	0	0.528311615812383	0.176103871937461	0	0	0	0	0.0704415487749844
200315	200315	APOBEC3A	0	0	0.525934534404764	0.175311511468255	0	0	0	0	0.0701246045873019
6999	6999	TDO2	0	0	0	0	0	0.7	0	0	0.07
55076	55076	TMEM45A	0	0.5205078125	0	0.173502604166667	0	0	0	0	0.0694010416666667
2207	2207	FCER1G	0	0	0.519560683530424	0.173186894510141	0	0	0	0	0.0692747578040565
2243	2243	P02671	0	0	0	0	0.196675086499733	0	0	0	0.0688362802749065
1038	1038	CDR1	0	0	0.51369993724689	0.17123331241563	0	0	0	0	0.068493324966252
6698	6698	SPRR1A	0.512443438914027	0	0	0.170814479638009	0	0	0	0	0.0683257918552036
4060	4060	P51884	0	0	0	0	0.194969582542869	0	0	0	0.0682393538900041
100049587	100049587	SIGLEC14	0	0	0.511277877931011	0.170425959310337	0	0	0	0	0.0681703837241348
838	838	CASP5	0	0	0.508929299756966	0.169643099918989	0	0	0	0	0.0678572399675955
6703	6703	SPRR2D	0.50867269984917	0	0	0.16955756661639	0	0	0	0	0.067823026646556
8877	8877	SPHK	0	0	0	0	0	0.675	0	0	0.0675
23225	23225	NUP210	0.128582202111614	0	0	0.0428607340372047	0	0	1	0	0.0671442936148819
202309	202309	GAPT	0	0	0.501096147972277	0.167032049324092	0	0	0	0	0.0668128197296369
353345	353345	GPR141	0	0	0.500060251489906	0.166686750496635	0	0	0	0	0.0666747001986541
5976	5976	UPF1	0.120286576168929	0	0	0.040095525389643	0	0	1	0	0.0660382101558572
169611	169611	OLFML2A	0	0.4931640625	0	0.164388020833333	0	0	0	0	0.0657552083333333
63898	63898	SH2D4A	0	0.4921875	0	0.1640625	0	0	0	0	0.065625
713	713	C1QB	0	0.4921875	0	0.1640625	0	0	0	0	0.065625
55118	55118	Q9NQ79	0	0	0	0	0.187173951375349	0	0	0	0.0655108829813721
5341	5341	PLEK	0	0	0.491114921507359	0.163704973835786	0	0	0	0	0.0654819895343145
2944	2944	GSTM1	0	0.4892578125	0	0.1630859375	0	0	0	0	0.065234375
4973	4973	OLR1	0	0	0.489175689489206	0.163058563163069	0	0	0	0	0.0652234252652275
84659	84659	RNASE7	0.48868778280543	0	0	0.16289592760181	0	0	0	0	0.065158371040724
3434	3434	IFIT1	0	0	0.487625149944605	0.162541716648202	0	0	0	0	0.0650166866592807
1359	1359	CPA3	0	0.4873046875	0	0.162434895833333	0	0	0	0	0.0649739583333333
4317	4317	MMP8	0	0	0.486152994129857	0.162050998043286	0	0	0	0	0.0648203992173143
6854	6854	SYN2	0	0.4833984375	0	0.1611328125	0	0	0	0	0.064453125
9332	9332	CD163	0	0.482421875	0	0.160807291666667	0	0	0	0	0.0643229166666667
5197	5197	P10720	0	0	0	0	0.18352845950094	0	0	0	0.064234960825329
166	166	AES	0.106334841628959	0	0	0.035444947209653	0	0	1	0	0.0641779788838612
3346	3346	HTN1	0.480769230769231	0	0	0.16025641025641	0	0	0	0	0.0641025641025641
79709	79709	COLGALT1	0.10369532428356	0	0	0.03456510809452	0	0	1	0	0.063826043237808
537	537	ATP6AP1	0.102564102564103	0	0	0.0341880341880343	0	0	1	0	0.0636752136752137
3568	3568	IL5RA	0	0.4775390625	0	0.1591796875	0	0	0	0	0.063671875
104	104	P78563	0	0	0	0	0.181849394878208	0	0	0	0.0636472882073728
4938	4938	OAS1	0	0	0.476766679486639	0.158922226495546	0	0	0	0	0.0635688905982185
51449	51449	Q9UHG3	0	0	0	0	0.181577279638538	0	0	0	0.0635520478734883
5478	5478	P62937	0	0	0	0	0.180986239726021	0	0	0	0.0633451839041073
10581	10581	IFITM2	0	0	0.472242073537584	0.157414024512528	0	0	0	0	0.0629656098050112
10253	10253	SPRY2	0	0.4697265625	0	0.156575520833333	0	0	0	0	0.0626302083333333
1435	1435	CSF1	0	0	0	0	0	0.625	0	0	0.0625
2852	2852	GPER1	0	0.46875	0	0.15625	0	0	0	0	0.0625
8820	8820	HESX1	0	0	0.468642534337802	0.156214178112601	0	0	0	0	0.0624856712450403
6356	6356	CCL11	0	0	0.466555675677587	0.155518558559196	0	0	0	0	0.0622074234236783
2877	2877	GPX2	0	0	0.466440849070794	0.155480283023598	0	0	0	0	0.0621921132094392
597	597	BCL2A1	0	0	0.466306460123149	0.155435486707716	0	0	0	0	0.0621741946830865
4940	4940	OAS3	0	0	0.465361408517982	0.155120469505994	0	0	0	0	0.0620481878023976
54544	54544	CRCT1	0.465309200603318	0	0	0.155103066867773	0	0	0	0	0.0620412267471091
1084	1084	CEACAM3	0	0	0.464930526524232	0.154976842174744	0	0	0	0	0.0619907368698976
2896	2896	P28799	0.102187028657617	0	0	0.0340623428858723	0.137646714835933	0	0	0	0.0618012873469255
151278	151278	CCDC140	0	0	0.463418496289014	0.154472832096338	0	0	0	0	0.0617891328385352
3557	3557	IL1RN	0	0	0.463153651008738	0.154384550336246	0	0	0	0	0.0617538201344984
53831	53831	GPR84	0	0	0.460770710363005	0.153590236787668	0	0	0	0	0.0614360947150673
773	773	CACNA1A	0	0	0.460461837163107	0.153487279054369	0	0	0	0	0.0613949116217476
9891	9891	NUAK1	0	0.4599609375	0	0.1533203125	0	0	0	0	0.061328125
2322	2322	FLT3	0	0.458984375	0	0.152994791666667	0	0	0	0	0.0611979166666667
11025	LILRB3	LILRA6	0	0	0.457467778835116	0.152489259611705	0	0	0	0	0.0609957038446821
100463498	MTRNR2L12	MTRNR2L12	0.457013574660633	0	0	0.152337858220211	0	0	0	0	0.0609351432880844
241	241	ALOX5AP	0	0	0.454374391859318	0.151458130619773	0	0	0	0	0.0605832522479091
3433	3433	IFIT2	0	0	0.453930835470383	0.151310278490128	0	0	0	0	0.0605241113960511
1311	1311	P49747	0	0	0	0	0.172829994976906	0	0	0	0.0604904982419171
759	759	CA1	0	0	0.453475322011358	0.151158440670453	0	0	0	0	0.0604633762681811
5610	5610	EIF2AK2	0	0	0.453307324717606	0.151102441572535	0	0	0	0	0.0604409766290141
27071	27071	DAPP1	0	0	0.45200081640857	0.150666938802857	0	0	0	0	0.0602667755211427
3026	3026	Q14520	0	0	0	0	0.171762118280573	0	0	0	0.0601167413982005
1232	1232	CCR3	0	0.4501953125	0	0.150065104166667	0	0	0	0	0.0600260416666667
3118	3118	HLA-DQA2	0	0.4501953125	0	0.150065104166667	0	0	0	0	0.0600260416666667
6794	6794	STK11	0	0	0	0	0	0.6	0	0	0.06
10261	10261	IGSF6	0	0	0.448476718687188	0.149492239562396	0	0	0	0	0.0597968958249584
116369	116369	SLC26A8	0	0	0.447318468396278	0.149106156132093	0	0	0	0	0.0596424624528371
6354	6354	CCL7	0	0	0.445652221145452	0.148550740381817	0	0	0	0	0.0594202961527269
3485	3485	IGFBP2	0	0.4453125	0	0.1484375	0	0	0	0	0.059375
22895	22895	RPH3A	0	0	0.445021900516025	0.148340633505342	0	0	0	0	0.0593362534021367
717	717	P06681	0	0	0	0	0.168824535835162	0	0	0	0.0590885875423067
90134	90134	KCNH7	0	0	0.442491010716268	0.147497003572089	0	0	0	0	0.0589988014288357
22999	22999	RIMS1	0.440422322775264	0	0	0.146807440925088	0	0	0	0	0.0587229763700352
3437	3437	IFIT3	0	0	0.438320052700957	0.146106684233652	0	0	0	0	0.0584426736934609
11262	11262	SP140	0	0	0.437602022303057	0.145867340767686	0	0	0	0	0.0583469363070743
10457	10457	GPNMB	0	0.4375	0	0.145833333333333	0	0	0	0	0.0583333333333333
348110	348110	ARPIN	0	0.4375	0	0.145833333333333	0	0	0	0	0.0583333333333333
28983	28983	TMPRSS11E	0.436274509803922	0	0	0.145424836601307	0	0	0	0	0.0581699346405229
10673	10673	TNFSF13B	0	0	0.43591884431151	0.14530628143717	0	0	0	0	0.058122512574868
3007	3007	HIST1H1D	0.43552036199095	0	0	0.145173453996983	0	0	0	0	0.0580693815987933
9381	9381	OTOF	0	0.4345703125	0	0.144856770833333	0	0	0	0	0.0579427083333333
6291	6291	P35542	0	0	0	0	0.16524363222625	0	0	0	0.0578352712791875
3778	3778	KCNMA1	0	0.431640625	0	0.143880208333333	0	0	0	0	0.0575520833333333
4327	4327	MMP19	0	0.431640625	0	0.143880208333333	0	0	0	0	0.0575520833333333
6535	6535	SLC6A8	0	0	0	0	0	0.575	0	0	0.0575
366	366	AQP9	0	0	0.430643025139269	0.143547675046423	0	0	0	0	0.0574190700185692
7031	7031	TFF1	0.428355957767722	0	0	0.142785319255907	0	0	0	0	0.0571141277023629
1370	1370	P22792	0	0	0	0	0.162986974087077	0	0	0	0.0570454409304769
157983	157983	C9orf66	0	0	0.425651944630032	0.141883981543344	0	0	0	0	0.0567535926173376
79933	79933	SYNPO2L	0	0	0.425586698022856	0.141862232674285	0	0	0	0	0.0567448930697141
23643	23643	LY96	0	0	0.425347895055527	0.141782631685176	0	0	0	0	0.0567130526740703
4600	4600	MX2	0	0	0.423605172582037	0.141201724194012	0	0	0	0	0.0564806896776049
929	929	P08571	0	0	0	0	0.161038157669719	0	0	0	0.0563633551844016
81494	81494	Q9BXR6	0	0	0	0	0.160870327667024	0	0	0	0.0563046146834584
350	350	P02749	0	0	0	0	0.159688155238214	0	0	0	0.0558908543333749
79414	79414	LRFN3	0	0	0.418450094820995	0.139483364940332	0	0	0	0	0.0557933459761327
399	399	RHOH	0	0	0.418391796275065	0.139463932091688	0	0	0	0	0.0557855728366753
374	374	AREG	0	0.41796875	0	0.139322916666667	0	0	0	0	0.0557291666666667
3576	3576	CXCL8	0	0.4169921875	0	0.138997395833333	0	0	0	0	0.0555989583333333
9411	9411	ARHGAP29	0	0.4169921875	0	0.138997395833333	0	0	0	0	0.0555989583333333
9590	9590	AKAP12	0	0.416015625	0	0.138671875	0	0	0	0	0.05546875
1773	1773	DNASE1	0	0	0.41530825306301	0.138436084354337	0	0	0	0	0.0553744337417347
4939	4939	OAS2	0	0	0.414637509986488	0.138212503328829	0	0	0	0	0.0552850013315317
729	729	P13671	0	0	0	0	0.15758380654498	0	0	0	0.055154332290743
57817	57817	HAMP	0	0	0.413235632452958	0.137745210817653	0	0	0	0	0.0550980843270611
2934	GSN	P06396	0.108220211161388	0	0	0.0360734037204627	0.116157613343325	0	0	0	0.0550845261583488
2215	2215	FCGR3B	0	0	0.410590780979623	0.136863593659874	0	0	0	0	0.0547454374639497
22797	22797	TFEC	0	0	0.410489760728139	0.136829920242713	0	0	0	0	0.0547319680970852
5005	5005	P19652	0	0	0	0	0.155978707481026	0	0	0	0.0545925476183591
10911	10911	UTS2	0.409125188536953	0	0	0.136375062845651	0	0	0	0	0.0545500251382604
80231	80231	CXorf21	0	0	0.408801671781134	0.136267223927045	0	0	0	0	0.0545068895708179
6853	6853	SYN1	0	0	0.408277398121759	0.136092466040586	0	0	0	0	0.0544369864162345
5654	5654	HTRA1	0	0.408203125	0	0.136067708333333	0	0	0	0	0.0544270833333333
53841	53841	CDHR5	0	0	0.408152196784426	0.136050732261475	0	0	0	0	0.0544202929045901
54809	54809	SAMD9	0	0	0.408117848204312	0.136039282734771	0	0	0	0	0.0544157130939083
8715	8715	NOL4	0	0	0.407413937900058	0.135804645966686	0	0	0	0	0.0543218583866744
6348	6348	CCL3	0	0	0.406247908003204	0.135415969334401	0	0	0	0	0.0541663877337605
219285	219285	SAMD9L	0	0	0.405314737105093	0.135104912368364	0	0	0	0	0.0540419649473457
6707	6707	SPRR3	0.40422322775264	0	0	0.134741075917547	0	0	0	0	0.0538964303670187
222584	222584	FAM83B	0.403846153846154	0	0	0.134615384615385	0	0	0	0	0.0538461538461539
567	567	P61769	0	0	0	0	0.15382840983218	0	0	0	0.053839943441263
273	273	AMPH	0	0.400390625	0	0.133463541666667	0	0	0	0	0.0533854166666667
3586	3586	IL10	0	0.400390625	0	0.133463541666667	0	0	0	0	0.0533854166666667
114770	114770	Q96PD5	0	0	0	0	0.152442655513955	0	0	0	0.0533549294298842
8993	8993	PGLYRP1	0	0	0.399707864358595	0.133235954786198	0	0	0	0	0.0532943819144793
9955	9955	HS3ST3A1	0	0	0.398850016819892	0.132950005606631	0	0	0	0	0.0531800022426523
5950	5950	P02753	0	0	0	0	0.151835668630244	0	0	0	0.0531424840205854
11227	11227	GALNT5	0.398567119155354	0	0	0.132855706385118	0	0	0	0	0.0531422825540472
59340	59340	HRH4	0	0.3974609375	0	0.132486979166667	0	0	0	0	0.0529947916666667
5608	5608	MAP2K6	0	0	0.397250989348298	0.132416996449433	0	0	0	0	0.0529667985797731
79370	79370	BCL2L14	0	0	0.395787805946333	0.131929268648778	0	0	0	0	0.0527717074595111
220323	220323	Q86UD1	0	0	0	0	0.150670975915364	0	0	0	0.0527348415703774
993	993	CDC25A	0	0.3955078125	0	0.1318359375	0	0	0	0	0.052734375
3939	3939	P00338	0	0	0	0	0.150143195581717	0	0	0	0.0525501184536009
79603	79603	CERS4	0	0	0	0	0	0.525	0	0	0.0525
978	978	CDA	0	0	0.393361867469564	0.131120622489855	0	0	0	0	0.0524482489959419
1048	1048	CEACAM5	0.392911010558069	0	0	0.13097033685269	0	0	0	0	0.0523881347410759
91351	91351	DDX60L	0	0	0.392712058019015	0.130904019339672	0	0	0	0	0.0523616077358687
51338	51338	MS4A4A	0	0.392578125	0	0.130859375	0	0	0	0	0.05234375
22802	22802	CLCA4	0.392156862745098	0	0	0.130718954248366	0	0	0	0	0.0522875816993464
3008	3008	HIST1H1E	0.389894419306184	0	0	0.129964806435395	0	0	0	0	0.0519859225741579
118932	118932	ANKRD22	0	0	0.388459988407555	0.129486662802518	0	0	0	0	0.0517946651210073
2045	2045	EPHA7	0	0	0.388056667213808	0.129352222404603	0	0	0	0	0.0517408889618411
115362	115362	GBP5	0	0	0.387856953752445	0.129285651250815	0	0	0	0	0.051714260500326
283316	283316	CD163L1	0	0.3876953125	0	0.129231770833333	0	0	0	0	0.0516927083333333
317772	317772	HIST2H2AB	0.386123680241327	0	0	0.128707893413776	0	0	0	0	0.0514831573655103
7454	7454	WAS	0	0	0.385815150907032	0.128605050302344	0	0	0	0	0.0514420201209376
3759	3759	KCNJ2	0	0	0.384679551354275	0.128226517118092	0	0	0	0	0.0512906068472367
6279	6279	S100A8	0	0	0.384459460661003	0.128153153553668	0	0	0	0	0.0512612614214671
9636	9636	ISG15	0	0	0.384025216906538	0.128008405635513	0	0	0	0	0.0512033622542051
5267	5267	P29622	0	0	0	0	0.14581185856207	0	0	0	0.0510341504967245
132724	132724	TMPRSS11B	0.382730015082956	0	0	0.127576671694319	0	0	0	0	0.0510306686777275
8542	8542	O14791	0	0	0	0	0.145679740290476	0	0	0	0.0509879091016666
8796	8796	SCEL	0.381975867269985	0	0	0.127325289089995	0	0	0	0	0.050930115635998
7177	7177	TPSB2	0	0	0.381895016537922	0.127298338845974	0	0	0	0	0.0509193355383896
8460	8460	TPST1	0	0.3818359375	0	0.127278645833333	0	0	0	0	0.0509114583333333
285852	285852	TREML4	0	0	0.381827735993212	0.127275911997737	0	0	0	0	0.0509103647990949
26353	26353	HSPB8	0.381598793363499	0	0	0.127199597787833	0	0	0	0	0.0508798391151332
4923	4923	NTSR1	0	0.380859375	0	0.126953125	0	0	0	0	0.05078125
197	197	P02765	0	0	0	0	0.145057396204161	0	0	0	0.0507700886714563
94	94	ACVRL1	0	0.3798828125	0	0.126627604166667	0	0	0	0	0.0506510416666667
1117	1117	CHI3L2	0	0	0.378011689476147	0.126003896492049	0	0	0	0	0.0504015585968196
27284	27284	SULT1B1	0	0	0.377649270191863	0.125883090063954	0	0	0	0	0.0503532360255817
5552	5552	SRGN	0	0	0.376697285066921	0.125565761688974	0	0	0	0	0.0502263046755895
6948	6948	TCN2	0	0.3759765625	0	0.125325520833333	0	0	0	0	0.0501302083333333
7060	7060	P35443	0	0	0	0	0.143016283597393	0	0	0	0.0500556992590875
10142	10142	AKAP9	0	0	0	0	0	0	1	0	0.05
10146	10146	G3BP1	0	0	0	0	0	0	1	0	0.05
10157	10157	AASS	0	0	0	0	0	0	1	0	0.05
10193	10193	RNF41	0	0	0	0	0	0	1	0	0.05
10199	10199	MPHOSPH10	0	0	0	0	0	0	1	0	0.05
10204	10204	NUTF2	0	0	0	0	0	0	1	0	0.05
10238	10238	DCAF7	0	0	0	0	0	0	1	0	0.05
10270	10270	AKAP8	0	0	0	0	0	0	1	0	0.05
10280	10280	SIGMAR1	0	0	0	0	0	0	1	0	0.05
10283	10283	CWC27	0	0	0	0	0	0	1	0	0.05
10295	10295	BCKDK	0	0	0	0	0	0	1	0	0.05
10426	10426	TUBGCP3	0	0	0	0	0	0	1	0	0.05
10463	10463	SLC30A9	0	0	0	0	0	0	1	0	0.05
10516	10516	FBLN5	0	0	0	0	0	0	1	0	0.05
10525	10525	HYOU1	0	0	0	0	0	0	1	0	0.05
10531	10531	PITRM1	0	0	0	0	0	0	1	0	0.05
10569	10569	SLU7	0	0	0	0	0	0	1	0	0.05
10577	10577	NPC2	0	0	0	0	0	0	1	0	0.05
1063	1063	CENPF	0	0	0	0	0	0	1	0	0.05
10632	10632	ATP5L	0	0	0	0	0	0	1	0	0.05
10844	10844	TUBGCP2	0	0	0	0	0	0	1	0	0.05
10890	10890	RAB10	0	0	0	0	0	0	1	0	0.05
10897	10897	YIF1A	0	0	0	0	0	0	1	0	0.05
10956	10956	OS9	0	0	0	0	0	0	1	0	0.05
11001	11001	SLC27A2	0	0	0	0	0	0	1	0	0.05
11064	11064	CNTRL	0	0	0	0	0	0	1	0	0.05
11101	11101	ATE1	0	0	0	0	0	0	1	0	0.05
11113	11113	CIT	0	0	0	0	0	0	1	0	0.05
11116	11116	FGFR1OP	0	0	0	0	0	0	1	0	0.05
11190	11190	CEP250	0	0	0	0	0	0	1	0	0.05
113174	113174	SAAL1	0	0	0	0	0	0	1	0	0.05
11340	11340	EXOSC8	0	0	0	0	0	0	1	0	0.05
1173	1173	AP2M1	0	0	0	0	0	0	1	0	0.05
126789	126789	PUSL1	0	0	0	0	0	0	1	0	0.05
1291	1291	COL6A1	0	0	0	0	0	0	1	0	0.05
131118	131118	DNAJC19	0	0	0	0	0	0	1	0	0.05
1312	1312	COMT	0	0	0	0	0	0	1	0	0.05
143888	143888	KDELC2	0	0	0	0	0	0	1	0	0.05
145282	145282	MIPOL1	0	0	0	0	0	0	1	0	0.05
1459	1459	CSNK2A2	0	0	0	0	0	0	1	0	0.05
1460	1460	CSNK2B	0	0	0	0	0	0	1	0	0.05
148867	148867	SLC30A7	0	0	0	0	0	0	1	0	0.05
151188	151188	ARL6IP6	0	0	0	0	0	0	1	0	0.05
152789	152789	JAKMIP1	0	0	0	0	0	0	1	0	0.05
159195	159195	USP54	0	0	0	0	0	0	1	0	0.05
161	161	AP2A2	0	0	0	0	0	0	1	0	0.05
162427	162427	FAM134C	0	0	0	0	0	0	1	0	0.05
1662	1662	DDX10	0	0	0	0	0	0	1	0	0.05
169714	169714	QSOX2	0	0	0	0	0	0	1	0	0.05
1727	1727	CYB5R3	0	0	0	0	0	0	1	0	0.05
1786	1786	DNMT1	0	0	0	0	0	0	1	0	0.05
1861	1861	TOR1A	0	0	0	0	0	0	1	0	0.05
196527	196527	ANO6	0	0	0	0	0	0	1	0	0.05
2011	2011	MARK2	0	0	0	0	0	0	1	0	0.05
201134	201134	CEP112	0	0	0	0	0	0	1	0	0.05
202018	202018	TAPT1	0	0	0	0	0	0	1	0	0.05
2040	2040	STOM	0	0	0	0	0	0	1	0	0.05
2150	2150	F2RL1	0	0	0	0	0	0	1	0	0.05
2181	2181	ACSL3	0	0	0	0	0	0	1	0	0.05
219743	219743	TYSND1	0	0	0	0	0	0	1	0	0.05
2200	2200	FBN1	0	0	0	0	0	0	1	0	0.05
2201	2201	FBN2	0	0	0	0	0	0	1	0	0.05
22931	22931	RAB18	0	0	0	0	0	0	1	0	0.05
22981	22981	NINL	0	0	0	0	0	0	1	0	0.05
23065	23065	EMC1	0	0	0	0	0	0	1	0	0.05
23071	23071	ERP44	0	0	0	0	0	0	1	0	0.05
23077	23077	MYCBP2	0	0	0	0	0	0	1	0	0.05
23085	23085	ERC1	0	0	0	0	0	0	1	0	0.05
23107	23107	MRPS27	0	0	0	0	0	0	1	0	0.05
23111	23111	SPG20	0	0	0	0	0	0	1	0	0.05
23155	23155	CLCC1	0	0	0	0	0	0	1	0	0.05
23177	23177	CEP68	0	0	0	0	0	0	1	0	0.05
23185	23185	LARP4B	0	0	0	0	0	0	1	0	0.05
23195	23195	MDN1	0	0	0	0	0	0	1	0	0.05
23203	23203	PMPCA	0	0	0	0	0	0	1	0	0.05
23307	23307	FKBP15	0	0	0	0	0	0	1	0	0.05
23325	23325	KIAA1033	0	0	0	0	0	0	1	0	0.05
23333	23333	DPY19L1	0	0	0	0	0	0	1	0	0.05
23339	23339	VPS39	0	0	0	0	0	0	1	0	0.05
23367	23367	LARP1	0	0	0	0	0	0	1	0	0.05
23404	23404	EXOSC2	0	0	0	0	0	0	1	0	0.05
23408	23408	SIRT5	0	0	0	0	0	0	1	0	0.05
23476	23476	BRD4	0	0	0	0	0	0	1	0	0.05
23509	23509	POFUT1	0	0	0	0	0	0	1	0	0.05
23636	23636	NUP62	0	0	0	0	0	0	1	0	0.05
23646	23646	PLD3	0	0	0	0	0	0	1	0	0.05
23649	23649	POLA2	0	0	0	0	0	0	1	0	0.05
23765	23765	IL17RA	0	0	0	0	0	0	1	0	0.05
23787	23787	MTCH1	0	0	0	0	0	0	1	0	0.05
24149	24149	ZNF318	0	0	0	0	0	0	1	0	0.05
25777	25777	SUN2	0	0	0	0	0	0	1	0	0.05
25831	25831	HECTD1	0	0	0	0	0	0	1	0	0.05
25873	25873	RPL36	0	0	0	0	0	0	1	0	0.05
25921	25921	ZDHHC5	0	0	0	0	0	0	1	0	0.05
25940	25940	FAM98A	0	0	0	0	0	0	1	0	0.05
25980	25980	AAR2	0	0	0	0	0	0	1	0	0.05
25983	25983	NGDN	0	0	0	0	0	0	1	0	0.05
26058	26058	GIGYF2	0	0	0	0	0	0	1	0	0.05
26092	26092	TOR1AIP1	0	0	0	0	0	0	1	0	0.05
26355	26355	FAM162A	0	0	0	0	0	0	1	0	0.05
26515	26515	TIMM10B	0	0	0	0	0	0	1	0	0.05
26519	26519	TIMM10	0	0	0	0	0	0	1	0	0.05
26520	26520	TIMM9	0	0	0	0	0	0	1	0	0.05
26521	26521	TIMM8B	0	0	0	0	0	0	1	0	0.05
26574	26574	AATF	0	0	0	0	0	0	1	0	0.05
2671	2671	GFER	0	0	0	0	0	0	1	0	0.05
2677	2677	GGCX	0	0	0	0	0	0	1	0	0.05
26986	26986	PABPC1	0	0	0	0	0	0	1	0	0.05
26993	26993	AKAP8L	0	0	0	0	0	0	1	0	0.05
27069	27069	GHITM	0	0	0	0	0	0	1	0	0.05
2717	2717	GLA	0	0	0	0	0	0	1	0	0.05
27243	27243	CHMP2A	0	0	0	0	0	0	1	0	0.05
27248	27248	ERLEC1	0	0	0	0	0	0	1	0	0.05
27346	27346	TMEM97	0	0	0	0	0	0	1	0	0.05
27430	27430	MAT2B	0	0	0	0	0	0	1	0	0.05
2782	2782	GNB1	0	0	0	0	0	0	1	0	0.05
2787	2787	GNG5	0	0	0	0	0	0	1	0	0.05
2801	2801	GOLGA2	0	0	0	0	0	0	1	0	0.05
2802	GOLGA3	GOLGA3	0	0	0	0	0	0	1	0	0.05
2804	2804	GOLGB1	0	0	0	0	0	0	1	0	0.05
284106	284106	CISD3	0	0	0	0	0	0	1	0	0.05
286827	286827	TRIM59	0	0	0	0	0	0	1	0	0.05
2876	2876	GPX1	0	0	0	0	0	0	1	0	0.05
28969	28969	BZW2	0	0	0	0	0	0	1	0	0.05
28976	28976	ACAD9	0	0	0	0	0	0	1	0	0.05
29066	29066	ZC3H7A	0	0	0	0	0	0	1	0	0.05
29110	29110	TBK1	0	0	0	0	0	0	1	0	0.05
2963	2963	GTF2F2	0	0	0	0	0	0	1	0	0.05
29880	29880	ALG5	0	0	0	0	0	0	1	0	0.05
3066	3066	HDAC2	0	0	0	0	0	0	1	0	0.05
30968	30968	STOML2	0	0	0	0	0	0	1	0	0.05
3162	3162	HMOX1	0	0	0	0	0	0	1	0	0.05
3281	3281	HSBP1	0	0	0	0	0	0	1	0	0.05
34	34	ACADM	0	0	0	0	0	0	1	0	0.05
3416	3416	IDE	0	0	0	0	0	0	1	0	0.05
3615	3615	IMPDH2	0	0	0	0	0	0	1	0	0.05
3688	3688	ITGB1	0	0	0	0	0	0	1	0	0.05
382	382	ARF6	0	0	0	0	0	0	1	0	0.05
387	387	RHOA	0	0	0	0	0	0	1	0	0.05
4015	4015	LOX	0	0	0	0	0	0	1	0	0.05
4139	4139	MARK1	0	0	0	0	0	0	1	0	0.05
4140	4140	MARK3	0	0	0	0	0	0	1	0	0.05
4218	4218	RAB8A	0	0	0	0	0	0	1	0	0.05
4240	4240	MFGE8	0	0	0	0	0	0	1	0	0.05
4343	4343	MOV10	0	0	0	0	0	0	1	0	0.05
4363	4363	ABCC1	0	0	0	0	0	0	1	0	0.05
440138	440138	ALG11	0	0	0	0	0	0	1	0	0.05
4715	4715	NDUFB9	0	0	0	0	0	0	1	0	0.05
4758	4758	NEU1	0	0	0	0	0	0	1	0	0.05
481	481	ATP1B1	0	0	0	0	0	0	1	0	0.05
4884	4884	NPTX1	0	0	0	0	0	0	1	0	0.05
4927	4927	NUP88	0	0	0	0	0	0	1	0	0.05
4928	4928	NUP98	0	0	0	0	0	0	1	0	0.05
5046	5046	PCSK6	0	0	0	0	0	0	1	0	0.05
50999	50999	TMED5	0	0	0	0	0	0	1	0	0.05
51010	51010	EXOSC3	0	0	0	0	0	0	1	0	0.05
51091	51091	SEPSECS	0	0	0	0	0	0	1	0	0.05
51097	51097	SCCPDH	0	0	0	0	0	0	1	0	0.05
51103	51103	NDUFAF1	0	0	0	0	0	0	1	0	0.05
51116	51116	MRPS2	0	0	0	0	0	0	1	0	0.05
51125	51125	GOLGA7	0	0	0	0	0	0	1	0	0.05
5116	5116	PCNT	0	0	0	0	0	0	1	0	0.05
51199	51199	NIN	0	0	0	0	0	0	1	0	0.05
51248	51248	PDZD11	0	0	0	0	0	0	1	0	0.05
51295	51295	ECSIT	0	0	0	0	0	0	1	0	0.05
51361	51361	HOOK1	0	0	0	0	0	0	1	0	0.05
51439	51439	FAM8A1	0	0	0	0	0	0	1	0	0.05
51552	51552	RAB14	0	0	0	0	0	0	1	0	0.05
51574	51574	LARP7	0	0	0	0	0	0	1	0	0.05
51611	51611	DPH5	0	0	0	0	0	0	1	0	0.05
51661	51661	FKBP7	0	0	0	0	0	0	1	0	0.05
523	523	ATP6V1A	0	0	0	0	0	0	1	0	0.05
5318	5318	PKP2	0	0	0	0	0	0	1	0	0.05
5327	5327	PLAT	0	0	0	0	0	0	1	0	0.05
53347	53347	CLIP4	0	0	0	0	0	0	1	0	0.05
53371	53371	NUP54	0	0	0	0	0	0	1	0	0.05
5352	5352	PLOD2	0	0	0	0	0	0	1	0	0.05
53938	53938	PPIL3	0	0	0	0	0	0	1	0	0.05
5422	5422	POLA1	0	0	0	0	0	0	1	0	0.05
54439	54439	ZC3H18	0	0	0	0	0	0	1	0	0.05
54477	54477	PLEKHA5	0	0	0	0	0	0	1	0	0.05
54480	54480	CHPF2	0	0	0	0	0	0	1	0	0.05
54602	54602	NDFIP2	0	0	0	0	0	0	1	0	0.05
54850	54850	FBXL12	0	0	0	0	0	0	1	0	0.05
55027	55027	HEATR3	0	0	0	0	0	0	1	0	0.05
55116	55116	TMEM39B	0	0	0	0	0	0	1	0	0.05
55131	55131	RBM28	0	0	0	0	0	0	1	0	0.05
55206	55206	SBNO1	0	0	0	0	0	0	1	0	0.05
55285	55285	RBM41	0	0	0	0	0	0	1	0	0.05
5538	5538	PPT1	0	0	0	0	0	0	1	0	0.05
5557	5557	PRIM1	0	0	0	0	0	0	1	0	0.05
5558	5558	PRIM2	0	0	0	0	0	0	1	0	0.05
55621	55621	TRMT1	0	0	0	0	0	0	1	0	0.05
5566	5566	PRKACA	0	0	0	0	0	0	1	0	0.05
55676	55676	SLC30A6	0	0	0	0	0	0	1	0	0.05
55700	55700	MAP7D1	0	0	0	0	0	0	1	0	0.05
55711	55711	FAR2	0	0	0	0	0	0	1	0	0.05
55735	55735	DNAJC11	0	0	0	0	0	0	1	0	0.05
55755	55755	CDK5RAP2	0	0	0	0	0	0	1	0	0.05
55757	55757	UGGT2	0	0	0	0	0	0	1	0	0.05
5576	5576	PRKAR2A	0	0	0	0	0	0	1	0	0.05
55768	55768	NGLY1	0	0	0	0	0	0	1	0	0.05
5577	5577	PRKAR2B	0	0	0	0	0	0	1	0	0.05
55823	55823	VPS11	0	0	0	0	0	0	1	0	0.05
55829	55829	VIMP	0	0	0	0	0	0	1	0	0.05
55833	55833	UBAP2	0	0	0	0	0	0	1	0	0.05
56257	56257	MEPCE	0	0	0	0	0	0	1	0	0.05
56605	56605	ERO1B	0	0	0	0	0	0	1	0	0.05
56850	56850	GRIPAP1	0	0	0	0	0	0	1	0	0.05
56915	56915	EXOSC5	0	0	0	0	0	0	1	0	0.05
57106	57106	NAT14	0	0	0	0	0	0	1	0	0.05
5714	5714	PSMD8	0	0	0	0	0	0	1	0	0.05
57142	57142	RTN4	0	0	0	0	0	0	1	0	0.05
57153	57153	SLC44A2	0	0	0	0	0	0	1	0	0.05
57222	57222	ERGIC1	0	0	0	0	0	0	1	0	0.05
57534	57534	MIB1	0	0	0	0	0	0	1	0	0.05
58155	58155	PTBP2	0	0	0	0	0	0	1	0	0.05
5861	5861	RAB1A	0	0	0	0	0	0	1	0	0.05
5862	5862	RAB2A	0	0	0	0	0	0	1	0	0.05
5878	5878	RAB5C	0	0	0	0	0	0	1	0	0.05
5898	5898	RALA	0	0	0	0	0	0	1	0	0.05
5910	5910	RAP1GDS1	0	0	0	0	0	0	1	0	0.05
5962	5962	RDX	0	0	0	0	0	0	1	0	0.05
6046	6046	BRD2	0	0	0	0	0	0	1	0	0.05
60493	60493	FASTKD5	0	0	0	0	0	0	1	0	0.05
60681	60681	FKBP10	0	0	0	0	0	0	1	0	0.05
617	617	BCS1L	0	0	0	0	0	0	1	0	0.05
6388	6388	SDF2	0	0	0	0	0	0	1	0	0.05
64093	64093	SMOC1	0	0	0	0	0	0	1	0	0.05
64374	64374	SIL1	0	0	0	0	0	0	1	0	0.05
64432	64432	MRPS25	0	0	0	0	0	0	1	0	0.05
64689	64689	GORASP1	0	0	0	0	0	0	1	0	0.05
64757	64757	MARC1	0	0	0	0	0	0	1	0	0.05
64784	64784	CRTC3	0	0	0	0	0	0	1	0	0.05
64969	64969	MRPS5	0	0	0	0	0	0	1	0	0.05
6728	6728	SRP19	0	0	0	0	0	0	1	0	0.05
6729	6729	SRP54	0	0	0	0	0	0	1	0	0.05
6731	6731	SRP72	0	0	0	0	0	0	1	0	0.05
6902	6902	TBCA	0	0	0	0	0	0	1	0	0.05
6921	6921	TCEB1	0	0	0	0	0	0	1	0	0.05
6923	6923	TCEB2	0	0	0	0	0	0	1	0	0.05
6938	6938	TCF12	0	0	0	0	0	0	1	0	0.05
7088	7088	TLE1	0	0	0	0	0	0	1	0	0.05
7090	7090	TLE3	0	0	0	0	0	0	1	0	0.05
7161	7161	TP73	0	0	0	0	0	0.5	0	0	0.05
7458	7458	EIF4H	0	0	0	0	0	0	1	0	0.05
7466	7466	WFS1	0	0	0	0	0	0	1	0	0.05
7468	7468	NSD2	0	0	0	0	0	0	1	0	0.05
7812	7812	CSDE1	0	0	0	0	0	0	1	0	0.05
7841	7841	MOGS	0	0	0	0	0	0	1	0	0.05
7879	7879	RAB7A	0	0	0	0	0	0	1	0	0.05
7905	7905	REEP5	0	0	0	0	0	0	1	0	0.05
79053	79053	ALG8	0	0	0	0	0	0	1	0	0.05
79070	79070	KDELC1	0	0	0	0	0	0	1	0	0.05
79077	79077	DCTPP1	0	0	0	0	0	0	1	0	0.05
79078	79078	C1orf50	0	0	0	0	0	0	1	0	0.05
79080	79080	CCDC86	0	0	0	0	0	0	1	0	0.05
79178	79178	THTPA	0	0	0	0	0	0	1	0	0.05
79443	79443	FYCO1	0	0	0	0	0	0	1	0	0.05
79571	79571	GCC1	0	0	0	0	0	0	1	0	0.05
79572	79572	ATP13A3	0	0	0	0	0	0	1	0	0.05
79586	79586	CHPF	0	0	0	0	0	0	1	0	0.05
79666	79666	PLEKHF2	0	0	0	0	0	0	1	0	0.05
79671	79671	NLRX1	0	0	0	0	0	0	1	0	0.05
79699	79699	ZYG11B	0	0	0	0	0	0	1	0	0.05
79731	79731	NARS2	0	0	0	0	0	0	1	0	0.05
79753	79753	SNIP1	0	0	0	0	0	0	1	0	0.05
79877	79877	DCAKD	0	0	0	0	0	0	1	0	0.05
7993	7993	UBXN8	0	0	0	0	0	0	1	0	0.05
79934	79934	ADCK4	0	0	0	0	0	0	1	0	0.05
79954	79954	NOL10	0	0	0	0	0	0	1	0	0.05
79956	79956	ERMP1	0	0	0	0	0	0	1	0	0.05
80020	80020	FOXRED2	0	0	0	0	0	0	1	0	0.05
80142	80142	PTGES2	0	0	0	0	0	0	1	0	0.05
8021	8021	NUP214	0	0	0	0	0	0	1	0	0.05
80213	80213	TM2D3	0	0	0	0	0	0	1	0	0.05
80222	80222	TARS2	0	0	0	0	0	0	1	0	0.05
80267	80267	EDEM3	0	0	0	0	0	0	1	0	0.05
80273	80273	GRPEL1	0	0	0	0	0	0	1	0	0.05
80777	80777	CYB5B	0	0	0	0	0	0	1	0	0.05
83729	83729	INHBE	0	0	0	0	0	0	1	0	0.05
8453	8453	CUL2	0	0	0	0	0	0	1	0	0.05
84720	84720	PIGO	0	0	0	0	0	0	1	0	0.05
84726	84726	PRRC2B	0	0	0	0	0	0	1	0	0.05
8480	8480	RAE1	0	0	0	0	0	0	1	0	0.05
84858	84858	ZNF503	0	0	0	0	0	0	1	0	0.05
8540	8540	AGPS	0	0	0	0	0	0	1	0	0.05
8546	8546	AP3B1	0	0	0	0	0	0	1	0	0.05
8614	8614	STC2	0	0	0	0	0	0	1	0	0.05
8733	8733	GPAA1	0	0	0	0	0	0	1	0	0.05
8737	8737	RIPK1	0	0	0	0	0	0	1	0	0.05
8754	8754	ADAM9	0	0	0	0	0	0	1	0	0.05
8761	8761	PABPC4	0	0	0	0	0	0	1	0	0.05
8975	8975	USP13	0	0	0	0	0	0	1	0	0.05
89874	89874	SLC25A21	0	0	0	0	0	0	1	0	0.05
90161	90161	HS6ST2	0	0	0	0	0	0	1	0	0.05
9047	9047	SCAP	0	0	0	0	0	0	1	0	0.05
90580	90580	C19orf52	0	0	0	0	0	0	1	0	0.05
9136	9136	RRP9	0	0	0	0	0	0	1	0	0.05
91754	91754	NEK9	0	0	0	0	0	0	1	0	0.05
9188	9188	DDX21	0	0	0	0	0	0	1	0	0.05
91942	91942	NDUFAF2	0	0	0	0	0	0	1	0	0.05
92105	92105	INTS4	0	0	0	0	0	0	1	0	0.05
92840	92840	REEP6	0	0	0	0	0	0	1	0	0.05
9368	9368	SLC9A3R1	0	0	0	0	0	0	1	0	0.05
94005	94005	PIGS	0	0	0	0	0	0	1	0	0.05
949	949	SCARB1	0	0	0	0	0	0	1	0	0.05
9510	9510	ADAMTS1	0	0	0	0	0	0	1	0	0.05
9512	9512	PMPCB	0	0	0	0	0	0	1	0	0.05
9518	9518	GDF15	0	0	0	0	0	0	1	0	0.05
9529	9529	BAG5	0	0	0	0	0	0	1	0	0.05
9648	9648	GCC2	0	0	0	0	0	0	1	0	0.05
9653	9653	HS2ST1	0	0	0	0	0	0	1	0	0.05
9659	9659	PDE4DIP	0	0	0	0	0	0	1	0	0.05
9662	9662	CEP135	0	0	0	0	0	0	1	0	0.05
9755	9755	TBKBP1	0	0	0	0	0	0	1	0	0.05
9818	9818	NUP58	0	0	0	0	0	0	1	0	0.05
9857	9857	CEP350	0	0	0	0	0	0	1	0	0.05
9868	9868	TOMM70	0	0	0	0	0	0	1	0	0.05
9898	9898	UBAP2L	0	0	0	0	0	0	1	0	0.05
9908	9908	G3BP2	0	0	0	0	0	0	1	0	0.05
9978	9978	RBX1	0	0	0	0	0	0	1	0	0.05
51191	51191	HERC5	0	0	0.374923181773272	0.124974393924424	0	0	0	0	0.0499897575697696
608	608	TNFRSF17	0	0.3740234375	0	0.124674479166667	0	0	0	0	0.0498697916666667
2887	2887	GRB10	0	0.373046875	0	0.124348958333333	0	0	0	0	0.0497395833333333
3696	3696	ITGB8	0	0.373046875	0	0.124348958333333	0	0	0	0	0.0497395833333333
94234	94234	FOXQ1	0.371794871794872	0	0	0.123931623931624	0	0	0	0	0.0495726495726496
10216	10216	Q92954	0	0	0	0	0.140818080294271	0	0	0	0.0492863281029949
114132	114132	SIGLEC11	0	0.369140625	0	0.123046875	0	0	0	0	0.04921875
3039	3039	HBA1	0	0	0.368035387289599	0.122678462429866	0	0	0	0	0.0490713849719465
10894	10894	Q9Y5Y7	0	0	0	0	0.140096042369998	0	0	0	0.0490336148294993
8332	8332	HIST1H2AL	0.366892911010558	0	0	0.122297637003519	0	0	0	0	0.0489190548014077
540	540	ATP7B	0	0	0.36686276255115	0.12228758751705	0	0	0	0	0.04891503500682
84941	84941	HSH2D	0	0	0.366518894284942	0.122172964761647	0	0	0	0	0.0488691859046589
131540	131540	ZDHHC19	0	0	0.365785936701116	0.121928645567039	0	0	0	0	0.0487714582268155
11240	11240	PADI2	0	0	0.365715830724149	0.12190527690805	0	0	0	0	0.0487621107632199
634	634	CEACAM1	0	0	0.365493208027639	0.121831069342546	0	0	0	0	0.0487324277370185
394263	394263	MUC21	0.36500754147813	0	0	0.12166918049271	0	0	0	0	0.048667672197084
AC090498.1	AC090498.1	AC090498.1	0.36500754147813	0	0	0.12166918049271	0	0	0	0	0.048667672197084
4481	4481	MSR1	0	0.3642578125	0	0.121419270833333	0	0	0	0	0.0485677083333333
7018	7018	P02787	0	0	0	0	0.138628768592648	0	0	0	0.0485200690074268
123872	123872	DNAAF1	0	0	0.363199355990566	0.121066451996855	0	0	0	0	0.0484265807987421
7124	7124	TNF	0	0	0.362564925567639	0.120854975189213	0	0	0	0	0.0483419900756852
9407	9407	TMPRSS11D	0.36236802413273	0	0	0.120789341377577	0	0	0	0	0.0483157365510307
64407	64407	RGS18	0	0	0.362143869709144	0.120714623236381	0	0	0	0	0.0482858492945525
114769	114769	CARD16	0	0	0.362073842857278	0.120691280952426	0	0	0	0	0.0482765123809704
2160	2160	P03951	0	0	0	0	0.137733543305047	0	0	0	0.0482067401567664
629	629	P00751	0	0	0	0	0.137446394839406	0	0	0	0.0481062381937921
4084	4084	MXD1	0	0	0.360022074635928	0.120007358211976	0	0	0	0	0.0480029432847904
116448	116448	OLIG1	0	0	0.359821199562839	0.11994039985428	0	0	0	0	0.0479761599417119
160492	160492	LMNTD1	0.35972850678733	0	0	0.119909502262443	0	0	0	0	0.0479638009049773
5169	5169	ENPP3	0	0.359375	0	0.119791666666667	0	0	0	0	0.0479166666666667
3488	3488	P24593	0	0	0	0	0.136551758227726	0	0	0	0.0477931153797041
2744	2744	GLS	0	0	0	0	0	0.475	0	0	0.0475
5268	5268	SERPINB5	0.355203619909502	0	0	0.118401206636501	0	0	0	0	0.0473604826546003
100463486	100463486	MTRNR2L8	0.354449472096531	0	0	0.118149824032177	0	0	0	0	0.0472599296128708
1399	1399	P46109	0	0	0	0	0.134618447342913	0	0	0	0.0471164565700195
2357	2357	FPR1	0	0	0.353122969568362	0.117707656522787	0	0	0	0	0.0470830626091149
6704	6704	SPRR2E	0	0	0.352104409444401	0.117368136481467	0	0	0	0	0.0469472545925868
100462977	100462977	MTRNR2L1	0.351809954751131	0	0	0.117269984917044	0	0	0	0	0.0469079939668175
387707	387707	Q6DHV5	0	0	0	0	0.133926250780579	0	0	0	0.0468741877732026
1475	1475	CSTA	0	0	0.350868844506114	0.116956281502038	0	0	0	0	0.0467825126008152
10326	10326	SIRPB1	0	0	0.349671090317923	0.116557030105974	0	0	0	0	0.0466228120423897
9075	9075	CLDN2	0	0	0.349210031359122	0.116403343786374	0	0	0	0	0.0465613375145496
11005	11005	SPINK5	0.348793363499246	0	0	0.116264454499749	0	0	0	0	0.0465057817998995
10642	10642	ZBP1	0	0	0.348746398478651	0.116248799492884	0	0	0	0	0.0464995197971535
1960	1960	EGR3	0	0.34765625	0	0.115885416666667	0	0	0	0	0.0463541666666667
83879	83879	CDCA7	0	0	0.3475622538891	0.1158540846297	0	0	0	0	0.04634163385188
10964	10964	IFI44L	0	0	0.347534724934109	0.11584490831137	0	0	0	0	0.0463379633245479
94122	94122	SYTL5	0.347285067873303	0	0	0.115761689291101	0	0	0	0	0.0463046757164404
220441	220441	RNF152	0.346907993966817	0	0	0.115635997988939	0	0	0	0	0.0462543991955756
5055	5055	SERPINB2	0.345022624434389	0	0	0.11500754147813	0	0	0	0	0.0460030165912519
8519	8519	IFITM1	0	0	0.344377077327883	0.114792359109294	0	0	0	0	0.0459169436437177
6512	6512	SLC1A7	0	0.34375	0	0.114583333333333	0	0	0	0	0.0458333333333333
50486	50486	G0S2	0	0.3427734375	0	0.1142578125	0	0	0	0	0.045703125
27445	27445	PCLO	0.342006033182504	0	0	0.114002011060835	0	0	0	0	0.0456008044243339
4332	4332	MNDA	0	0	0.341092146598038	0.113697382199346	0	0	0	0	0.0454789528797384
2220	2220	Q15485	0	0	0	0	0.129800827134796	0	0	0	0.0454302894971786
222553	222553	SLC35F1	0	0	0.340577493949812	0.113525831316604	0	0	0	0	0.0454103325266416
4599	4599	MX1	0	0	0.340568658015643	0.113522886005214	0	0	0	0	0.0454091544020857
286343	286343	LURAP1L	0.340497737556561	0	0	0.113499245852187	0	0	0	0	0.0453996983408748
126393	126393	HSPB6	0	0	0.34023508429879	0.113411694766263	0	0	0	0	0.0453646779065053
1000	1000	CDH2	0	0	0.338590609529989	0.112863536509996	0	0	0	0	0.0451454146039985
5304	5304	PIP	0.337858220211161	0	0	0.112619406737054	0	0	0	0	0.0450477626948215
10715	10715	CERS1	0	0	0	0	0	0.45	0	0	0.045
658	658	BMPR1B	0.337481146304676	0	0	0.112493715434892	0	0	0	0	0.0449974861739568
1489	1489	CTF1	0	0	0.336881641385982	0.112293880461994	0	0	0	0	0.0449175521847976
4680	4680	CEACAM6	0.336349924585219	0	0	0.112116641528406	0	0	0	0	0.0448466566113625
722	722	P04003	0	0	0	0	0.128091434638844	0	0	0	0.0448320021235954
134187	134187	POU5F2	0.335972850678733	0	0	0.111990950226244	0	0	0	0	0.0447963800904977
9241	9241	NOG	0	0.3359375	0	0.111979166666667	0	0	0	0	0.0447916666666667
4683	4683	NBN	0	0	0.335066522613165	0.111688840871055	0	0	0	0	0.044675536348422
3481	3481	P01344	0	0	0	0	0.127620290938495	0	0	0	0.0446671018284732
55450	55450	CAMK2N1	0	0.3349609375	0	0.111653645833333	0	0	0	0	0.0446614583333333
1441	1441	CSF3R	0	0	0.334019434072077	0.111339811357359	0	0	0	0	0.0445359245429436
2047	2047	EPHB1	0	0.333984375	0	0.111328125	0	0	0	0	0.04453125
2219	2219	FCN1	0	0	0.332365536348593	0.110788512116198	0	0	0	0	0.0443154048464791
113730	113730	KLHDC7B	0	0	0.33213514233234	0.11071171411078	0	0	0	0	0.044284685644312
5272	5272	SERPINB9	0	0	0.331845581587451	0.110615193862484	0	0	0	0	0.0442460775449935
49860	49860	CRNN	0.331825037707391	0	0	0.110608345902464	0	0	0	0	0.0442433383609855
50856	50856	CLEC4A	0	0	0.33137763598278	0.11045921199426	0	0	0	0	0.044183684797704
389118	389118	CDHR4	0	0	0.33079142020467	0.11026380673489	0	0	0	0	0.044105522693956
951	951	CD37	0	0	0.330669597687879	0.110223199229293	0	0	0	0	0.0440892796917172
8366	8366	HIST1H4B	0.330316742081448	0	0	0.110105580693816	0	0	0	0	0.0440422322775264
53942	53942	CNTN5	0.329939668174962	0	0	0.109979889391654	0	0	0	0	0.0439919557566616
9245	9245	GCNT3	0	0	0.328931123192485	0.109643707730828	0	0	0	0	0.0438574830923313
54979	54979	HRASLS2	0	0	0.327693328534843	0.109231109511614	0	0	0	0	0.0436924438046457
2568	2568	GABRP	0.326546003016591	0	0	0.108848667672197	0	0	0	0	0.0435394670688788
2822	2822	P80108	0	0	0	0	0.123407609950653	0	0	0	0.0431926634827286
7348	7348	UPK1B	0.322775263951735	0	0	0.107591754650578	0	0	0	0	0.0430367018602313
51156	51156	Q9UK55	0	0	0	0	0.122867124324307	0	0	0	0.0430034935135074
79679	79679	VTCN1	0.322021116138763	0	0	0.107340372046254	0	0	0	0	0.0429361488185017
2153	2153	P12259	0	0	0	0	0.122670193243546	0	0	0	0.0429345676352411
5118	5118	Q15113	0	0	0	0	0.122142136464409	0	0	0	0.0427497477625431
720	720	P0C0L4	0	0	0	0	0.121873879442238	0	0	0	0.0426558578047833
6310	6310	ATXN1	0	0	0	0	0	0.425	0	0	0.0425
50506	50506	DUOX2	0.318627450980392	0	0	0.106209150326797	0	0	0	0	0.0424836601307189
57111	57111	RAB25	0.318627450980392	0	0	0.106209150326797	0	0	0	0	0.0424836601307189
22915	22915	Q13201	0	0	0	0	0.121303392104642	0	0	0	0.0424561872366247
9560	9560	CCL4L2	0	0.3173828125	0	0.105794270833333	0	0	0	0	0.0423177083333333
388336	388336	SHISA6	0.316365007541478	0	0	0.105455002513826	0	0	0	0	0.0421820010055304
23266	23266	ADGRL2	0.314102564102564	0	0	0.104700854700855	0	0	0	0	0.0418803418803419
11251	11251	PTGDR2	0	0.3115234375	0	0.103841145833333	0	0	0	0	0.0415364583333333
79674	79674	VEPH1	0.311085972850679	0	0	0.10369532428356	0	0	0	0	0.0414781297134239
166824	166824	RASSF6	0.310331825037707	0	0	0.103443941679236	0	0	0	0	0.0413775766716943
2811	2811	P07359	0	0	0	0	0.11773760203294	0	0	0	0.041208160711529
3579	3579	CXCR2	0	0.30859375	0	0.102864583333333	0	0	0	0	0.0411458333333333
5764	5764	PTN	0.307692307692308	0	0	0.102564102564103	0	0	0	0	0.0410256410256411
4477	4477	MSMB	0.306938159879336	0	0	0.102312719959779	0	0	0	0	0.0409250879839115
116987	116987	AGAP1	0	0.306640625	0	0.102213541666667	0	0	0	0	0.0408854166666667
23086	23086	EXPH5	0.305806938159879	0	0	0.101935646053293	0	0	0	0	0.0407742584213172
4781	4781	NFIB	0.305806938159879	0	0	0.101935646053293	0	0	0	0	0.0407742584213172
79098	79098	C1orf116	0.305806938159879	0	0	0.101935646053293	0	0	0	0	0.0407742584213172
339855	339855	KY	0	0.3046875	0	0.1015625	0	0	0	0	0.040625
2327	2327	FMO2	0.304298642533937	0	0	0.101432880844646	0	0	0	0	0.0405731523378583
58499	58499	ZNF462	0.303921568627451	0	0	0.101307189542484	0	0	0	0	0.0405228758169935
22891	22891	ZNF365	0	0.3037109375	0	0.101236979166667	0	0	0	0	0.0404947916666667
79656	79656	BEND5	0.303544494720965	0	0	0.101181498240322	0	0	0	0	0.0404725992961287
6372	6372	CXCL6	0.301659125188537	0	0	0.100553041729512	0	0	0	0	0.0402212166918049
94025	94025	MUC16	0.301659125188537	0	0	0.100553041729512	0	0	0	0	0.0402212166918049
4693	4693	NDP	0	0	0	0	0	0.4	0	0	0.04
5265	5265	P01009	0	0	0	0	0.11324460040064	0	0	0	0.039635610140224
26064	26064	RAI14	0.297134238310709	0	0	0.0990447461035697	0	0	0	0	0.0396178984414279
84302	84302	TMEM246	0.296757164404223	0	0	0.0989190548014077	0	0	0	0	0.0395676219205631
3698	3698	P19823	0	0	0	0	0.112932466671366	0	0	0	0.0395263633349781
23462	23462	HEY1	0.294494720965309	0	0	0.0981649069884363	0	0	0	0	0.0392659627953745
5743	5743	PTGS2	0	0.2939453125	0	0.0979817708333333	0	0	0	0	0.0391927083333333
80303	80303	EFHD1	0.293740573152338	0	0	0.0979135243841127	0	0	0	0	0.0391654097536451
6317	6317	SERPINB3	0.292609351432881	0	0	0.097536450477627	0	0	0	0	0.0390145801910508
84189	84189	SLITRK6	0.292232277526395	0	0	0.097410759175465	0	0	0	0	0.038964303670186
51279	51279	Q9NZP8	0	0	0	0	0.111036746363588	0	0	0	0.0388628612272558
5737	5737	PTGFR	0.290723981900453	0	0	0.0969079939668177	0	0	0	0	0.0387631975867271
1428	1428	CRYM	0.288461538461538	0	0	0.096153846153846	0	0	0	0	0.0384615384615384
5199	5199	P27918	0	0	0	0	0.109680101864787	0	0	0	0.0383880356526754
114569	114569	MAL2	0.287330316742081	0	0	0.0957767722473603	0	0	0	0	0.0383107088989441
284340	284340	CXCL17	0.287330316742081	0	0	0.0957767722473603	0	0	0	0	0.0383107088989441
1028	1028	CDKN1C	0	0.28515625	0	0.0950520833333333	0	0	0	0	0.0380208333333333
2138	2138	EYA1	0.284690799396682	0	0	0.0948969331322273	0	0	0	0	0.0379587732528909
84952	84952	CGNL1	0.284313725490196	0	0	0.0947712418300653	0	0	0	0	0.0379084967320261
9052	9052	GPRC5A	0.284313725490196	0	0	0.0947712418300653	0	0	0	0	0.0379084967320261
335	335	P02647	0	0	0	0	0.107985770457889	0	0	0	0.0377950196602612
121227	121227	LRIG3	0.283182503770739	0	0	0.0943941679235797	0	0	0	0	0.0377576671694319
362	362	AQP5	0.283182503770739	0	0	0.0943941679235797	0	0	0	0	0.0377576671694319
653082	ZDHHC11B	ZDHHC11B	0	0.2822265625	0	0.0940755208333333	0	0	0	0	0.0376302083333333
8794	8794	TNFRSF10C	0	0.2822265625	0	0.0940755208333333	0	0	0	0	0.0376302083333333
51454	51454	GULP1	0.282051282051282	0	0	0.094017094017094	0	0	0	0	0.0376068376068376
336	336	P02652	0	0	0	0	0.107431938414765	0	0	0	0.0376011784451677
5307	5307	PITX1	0.281297134238311	0	0	0.0937657114127703	0	0	0	0	0.0375062845651081
8864	8864	PER2	0	0	0	0	0	0.375	0	0	0.0375
1080	1080	CFTR	0.280920060331825	0	0	0.0936400201106083	0	0	0	0	0.0374560080442433
767	767	CA8	0.279788838612368	0	0	0.0932629462041226	0	0	0	0	0.0373051784816491
213	213	P02768	0	0	0	0	0.105929693190187	0	0	0	0.0370753926165654
122046	122046	TEX26	0.276772247360483	0	0	0.0922574157868277	0	0	0	0	0.0369029663147311
7042	7042	TGFB2	0.276395173453997	0	0	0.0921317244846657	0	0	0	0	0.0368526897938663
79983	79983	POF1B	0.276395173453997	0	0	0.0921317244846657	0	0	0	0	0.0368526897938663
6947	6947	TCN1	0	0.275390625	0	0.091796875	0	0	0	0	0.03671875
25924	25924	MYRIP	0.27526395173454	0	0	0.09175465057818	0	0	0	0	0.036701860231272
5563	5563	PRKAA2	0.27526395173454	0	0	0.09175465057818	0	0	0	0	0.036701860231272
64762	64762	GAREM1	0.27526395173454	0	0	0.09175465057818	0	0	0	0	0.036701860231272
1946	1946	EFNA5	0	0.2744140625	0	0.0914713541666667	0	0	0	0	0.0365885416666667
222389	222389	BEND7	0.274132730015083	0	0	0.0913775766716943	0	0	0	0	0.0365510306686777
152503	152503	SH3D19	0.273755656108597	0	0	0.0912518853695323	0	0	0	0	0.0365007541478129
56243	56243	KIAA1217	0.273755656108597	0	0	0.0912518853695323	0	0	0	0	0.0365007541478129
4311	4311	MME	0	0.2734375	0	0.0911458333333333	0	0	0	0	0.0364583333333333
30811	30811	HUNK	0.27262443438914	0	0	0.0908748114630467	0	0	0	0	0.0363499245852187
2814	2814	P40197	0	0	0	0	0.103847843663342	0	0	0	0.0363467452821697
3945	3945	P07195	0	0	0	0	0.103640659241189	0	0	0	0.0362742307344161
2	2	A2M	0	0.2705078125	0	0.0901692708333333	0	0	0	0	0.0360677083333333
23321	23321	TRIM2	0.269984917043741	0	0	0.0899949723479137	0	0	0	0	0.0359979889391655
8345	8345	HIST1H2BH	0.269607843137255	0	0	0.0898692810457517	0	0	0	0	0.0359477124183007
3934	3934	LCN2	0.268853695324284	0	0	0.089617898441428	0	0	0	0	0.0358471593765712
6678	6678	P09486	0	0	0	0	0.102190856163242	0	0	0	0.0357667996571347
7068	7068	THRB	0.268099547511312	0	0	0.089366515837104	0	0	0	0	0.0357466063348416
7103	7103	TSPAN8	0.267722473604827	0	0	0.0892408245349423	0	0	0	0	0.0356963298139769
727	727	P01031	0	0	0	0	0.101760472602207	0	0	0	0.0356161654107724
4914	4914	NTRK1	0	0.2666015625	0	0.0888671875	0	0	0	0	0.035546875
1369	1369	P15169	0	0	0	0	0.101416037091496	0	0	0	0.0354956129820236
866	866	P08185	0	0	0	0	0.100992425079142	0	0	0	0.0353473487776997
5216	5216	P07737	0	0	0	0	0.100847015297434	0	0	0	0.0352964553541019
2064	2064	ERBB2	0	0	0	0	0	0.35	0	0	0.035
3700	3700	Q14624	0	0	0	0	0.0992383923729786	0	0	0	0.0347334373305425
173	173	P43652	0	0	0	0	0.0986453099872079	0	0	0	0.0345258584955228
146225	146225	CMTM2	0	0.2568359375	0	0.0856119791666667	0	0	0	0	0.0342447916666667
80004	80004	ESRP2	0	0.2548828125	0	0.0849609375	0	0	0	0	0.033984375
4856	4856	CCN3	0	0.25390625	0	0.0846354166666667	0	0	0	0	0.0338541666666667
3931	3931	P04180	0	0	0	0	0.0949027357559575	0	0	0	0.0332159575145851
4121	4121	P33908	0	0	0	0	0.09289414155244	0	0	0	0.032512949543354
10558	10558	SPTLC1	0	0	0	0	0	0.325	0	0	0.0325
5858	5858	PZP	0	0.2431640625	0	0.0810546875	0	0	0	0	0.032421875
84898	84898	Q6UX71	0	0	0	0	0.0920610383743189	0	0	0	0.0322213634310116
5196	5196	P02776	0	0	0	0	0.0913467540358216	0	0	0	0.0319713639125376
960	960	P16070	0	0	0	0	0.0911400121449879	0	0	0	0.0318990042507458
183	183	P01019	0	0	0	0	0.0906033407561761	0	0	0	0.0317111692646616
1397	1397	CRIP2	0	0.2353515625	0	0.0784505208333333	0	0	0	0	0.0313802083333333
3982	3982	LIM2	0	0.2353515625	0	0.0784505208333333	0	0	0	0	0.0313802083333333
3811	KIR3DL1	KIR3DL1	0	0.234375	0	0.078125	0	0	0	0	0.03125
3083	3083	Q04756	0	0	0	0	0.0882513927851711	0	0	0	0.0308879874748099
3820	3820	KLRB1	0	0.2314453125	0	0.0771484375	0	0	0	0	0.030859375
4603	4603	MYBL1	0	0.2314453125	0	0.0771484375	0	0	0	0	0.030859375
85414	85414	SLC45A3	0	0.23046875	0	0.0768229166666667	0	0	0	0	0.0307291666666667
966	966	P13987	0	0	0	0	0.0877708209823901	0	0	0	0.0307197873438365
576	576	ADGRB2	0	0.2294921875	0	0.0764973958333333	0	0	0	0	0.0305989583333333
128553	128553	TSHZ2	0	0.228515625	0	0.076171875	0	0	0	0	0.03046875
147646	147646	C19orf84	0	0.224609375	0	0.0748697916666667	0	0	0	0	0.0299479166666667
1356	1356	P00450	0	0	0	0	0.0847971230643411	0	0	0	0.0296789930725194
5473	5473	P02775	0	0	0	0	0.0846783878139663	0	0	0	0.0296374357348882
400668	400668	PRSS57	0	0.2197265625	0	0.0732421875	0	0	0	0	0.029296875
2022	2022	P17813	0	0	0	0	0.0834759357045493	0	0	0	0.0292165774965923
6444	6444	SGCD	0	0.21875	0	0.0729166666666667	0	0	0	0	0.0291666666666667
5802	5802	PTPRS	0	0.2158203125	0	0.0719401041666667	0	0	0	0	0.0287760416666667
729830	729830	FAM160A1	0	0.2158203125	0	0.0719401041666667	0	0	0	0	0.0287760416666667
10219	10219	KLRG1	0	0.21484375	0	0.0716145833333333	0	0	0	0	0.0286458333333333
83854	83854	ANGPTL6	0	0.2138671875	0	0.0712890625	0	0	0	0	0.028515625
11098	11098	PRSS23	0	0.212890625	0	0.0709635416666667	0	0	0	0	0.0283854166666667
2625	2625	GATA3	0	0.212890625	0	0.0709635416666667	0	0	0	0	0.0283854166666667
3908	3908	LAMA2	0	0.212890625	0	0.0709635416666667	0	0	0	0	0.0283854166666667
284194	LGALS9B	LGALS9B	0	0.2119140625	0	0.0706380208333333	0	0	0	0	0.0282552083333333
4541	4541	MT-ND6	0	0.2119140625	0	0.0706380208333333	0	0	0	0	0.0282552083333333
4811	4811	P14543	0	0	0	0	0.0804100994878943	0	0	0	0.028143534820763
3309	3309	P11021	0	0	0	0	0.0801865523336414	0	0	0	0.0280652933167745
7412	7412	P19320	0	0	0	0	0.0801086487924601	0	0	0	0.028038027077361
57595	57595	PDZD4	0	0.2099609375	0	0.0699869791666667	0	0	0	0	0.0279947916666667
7049	7049	TGFBR3	0	0.20703125	0	0.0690104166666667	0	0	0	0	0.0276041666666667
2890	2890	GRIA1	0	0	0	0	0	0.275	0	0	0.0275
401562	401562	LCNL1	0	0.2060546875	0	0.0686848958333333	0	0	0	0	0.0274739583333333
7448	7448	P04004	0	0	0	0	0.0778586278035684	0	0	0	0.0272505197312489
9254	9254	CACNA2D2	0	0.2041015625	0	0.0680338541666667	0	0	0	0	0.0272135416666667
5360	5360	P55058	0	0	0	0	0.077213201884628	0	0	0	0.0270246206596198
54843	54843	SYTL2	0	0.2021484375	0	0.0673828125	0	0	0	0	0.026953125
3458	3458	IFNG	0	0.2001953125	0	0.0667317708333333	0	0	0	0	0.0266927083333333
51438	51438	MAGEE1	0	0.2001953125	0	0.0667317708333333	0	0	0	0	0.0266927083333333
23127	23127	COLGALT2	0	0.197265625	0	0.0657552083333333	0	0	0	0	0.0263020833333333
6693	6693	SPN	0.19683257918552	0	0	0.0656108597285067	0	0	0	0	0.0262443438914027
4674	4674	NAP1L2	0	0.1943359375	0	0.0647786458333333	0	0	0	0	0.0259114583333333
57010	57010	CABP4	0	0.1943359375	0	0.0647786458333333	0	0	0	0	0.0259114583333333
259197	259197	NCR3	0	0.193359375	0	0.064453125	0	0	0	0	0.02578125
7169	7169	TPM2	0	0.1923828125	0	0.0641276041666667	0	0	0	0	0.0256510416666667
64919	64919	BCL11B	0	0.19140625	0	0.0638020833333333	0	0	0	0	0.0255208333333333
3426	3426	P05156	0	0	0	0	0.0726136818711968	0	0	0	0.0254147886549189
5176	5176	P36955	0	0	0	0	0.0714843026092304	0	0	0	0.0250195059132306
9429	9429	ABCG2	0	0	0	0	0	0.25	0	0	0.025
5768	5768	QSOX1	0.18552036199095	0	0	0.06184012066365	0	0	0	0	0.02473604826546
2202	2202	Q12805	0	0	0	0	0.0703139930246099	0	0	0	0.0246098975586135
3697	3697	P19827	0	0	0	0	0.0703131268105283	0	0	0	0.0246095943836849
10908	10908	PNPLA6	0.184012066365008	0	0	0.0613373554550027	0	0	0	0	0.0245349421820011
731	731	P07357	0	0	0	0	0.0693613189767902	0	0	0	0.0242764616418766
55937	55937	O95445	0	0	0	0	0.0683362637415812	0	0	0	0.0239176923095534
51548	51548	SIRT6	0	0	0	0	0	0.225	0	0	0.0225
4125	4125	MAN2B1	0.164027149321267	0	0	0.0546757164404223	0	0	0	0	0.0218702865761689
51393	51393	TRPV2	0.163273001508296	0	0	0.0544243338360987	0	0	0	0	0.0217697335344395
2548	2548	GAA	0.158748114630468	0	0	0.052916038210156	0	0	0	0	0.0211664152840624
2819	2819	GPD1	0.158371040723982	0	0	0.052790346907994	0	0	0	0	0.0211161387631976
1839	1839	HBEGF	0.154977375565611	0	0	0.051659125188537	0	0	0	0	0.0206636500754148
4924	4924	NUCB1	0.153846153846154	0	0	0.0512820512820513	0	0	0	0	0.0205128205128205
91663	91663	MYADM	0.151206636500754	0	0	0.050402212166918	0	0	0	0	0.0201608848667672
84875	84875	PARP10	0.150075414781297	0	0	0.0500251382604323	0	0	0	0	0.0200100553041729
3101	3101	HK3	0.149321266968326	0	0	0.0497737556561087	0	0	0	0	0.0199095022624435
9780	9780	PIEZO1	0.14894419306184	0	0	0.0496480643539467	0	0	0	0	0.0198592257415787
4046	4046	LSP1	0.148190045248869	0	0	0.049396681749623	0	0	0	0	0.0197586726998492
4296	4296	MAP3K11	0.144796380090498	0	0	0.048265460030166	0	0	0	0	0.0193061840120664
1535	1535	CYBA	0.144419306184012	0	0	0.048139768728004	0	0	0	0	0.0192559074912016
1650	1650	DDOST	0.144042232277526	0	0	0.048014077425842	0	0	0	0	0.0192056309703368
22846	22846	VASH1	0.142911010558069	0	0	0.0476370035193563	0	0	0	0	0.0190548014077425
55741	55741	EDEM2	0.141402714932127	0	0	0.047134238310709	0	0	0	0	0.0188536953242836
124565	124565	SLC38A10	0.141025641025641	0	0	0.047008547008547	0	0	0	0	0.0188034188034188
113	113	ADCY7	0.140648567119155	0	0	0.046882855706385	0	0	0	0	0.018753142282554
374403	374403	TBC1D10C	0.140648567119155	0	0	0.046882855706385	0	0	0	0	0.018753142282554
284361	284361	EMC10	0.139894419306184	0	0	0.0466314731020613	0	0	0	0	0.0186525892408245
254102	254102	EHBP1L1	0.139140271493213	0	0	0.0463800904977377	0	0	0	0	0.0185520361990951
57190	57190	SELENON	0.139140271493213	0	0	0.0463800904977377	0	0	0	0	0.0185520361990951
9398	9398	CD101	0.139140271493213	0	0	0.0463800904977377	0	0	0	0	0.0185520361990951
