6288
6289
260436
1401
9509
8338
7123
3020
6036
2316
285590
7148
8407
2108
9470
1178
1956
8294
3240
3929
22844
3872
3347
6236
735
3936
58189
12
5004
3627
7079
6525
27106
23187
440689
9064
7057
2621
56949
6284
6351
5362
57413
57572
3959
2335
22980
22899
1071
6037
1577
4128
5187
3690
25802
79228
8839
2580
325
4855
3777
27166
3732
6405
64411
9673
6904
6273
26472
1508
1514
59272
7113
6045
115330
134266
4097
23192
10120
222658
83606
342035
64344
10411
54461
3632
6423
10915
113791
3064
8322
6035
51061
23644
23368
23492
22906
291
55716
29920
6257
64112
8642
414332
6909
8731
4242
196410
9356
10809
51083
2624
123096
51285
80148
24144
23650
51257
337
57553
64943
25966
90864
55795
1408
9905
80325
10392
8836
130617
54880
64760
9925
5564
3708
23053
26036
57521
51477
57584
4642
9842
127435
55007
55316
2004
9701
23220
9324
4236
23252
8227
955
7508
112
23500
51293
27147
161742
4776
51665
83857
5507
5553
55602
5228
9002
90139
29781
6499
9975
200014
9452
8216
10529
9646
65982
5817
26051
27352
55830
2644
4915
6548
27178
55072
3704
55720
546
10321
55743
11326
714
25989
56339
2523
3954
6402
116844
710
1116
2078
1066
7350
341640
10960
400410
1588
3273
27232
6507
4360
53829
89858
440068
26253
6927
55301
6382
247
10814
6779
3486
3699
5447
7450
7038
6699
383
2867
931
5468
6283
415
131405
8409
338339
6355
3561
2537
200315
6999
55076
2207
2243
1038
6698
4060
100049587
838
6703
8877
23225
202309
353345
5976
169611
63898
713
55118
5341
2944
4973
84659
3434
1359
4317
6854
9332
5197
166
3346
79709
537
3568
104
4938
51449
5478
10581
10253
1435
2852
8820
6356
2877
597
4940
54544
1084
2896
151278
3557
53831
773
9891
2322
LILRB3
MTRNR2L12
241
3433
1311
759
5610
27071
3026
1232
3118
6794
10261
116369
6354
3485
22895
717
90134
22999
3437
11262
10457
348110
28983
10673
3007
9381
6291
3778
4327
6535
366
7031
1370
157983
79933
23643
4600
929
81494
350
79414
399
374
3576
9411
9590
1773
4939
729
57817
GSN
2215
22797
5005
10911
80231
6853
5654
53841
54809
8715
6348
219285
6707
222584
567
273
3586
114770
8993
9955
5950
11227
59340
5608
79370
220323
993
3939
79603
978
1048
91351
51338
22802
3008
118932
2045
115362
283316
317772
7454
3759
6279
9636
5267
132724
8542
8796
7177
8460
285852
26353
4923
197
94
1117
27284
5552
6948
7060
10142
10146
10157
10193
10199
10204
10238
10270
10280
10283
10295
10426
10463
10516
10525
10531
10569
10577
1063
10632
10844
10890
10897
10956
11001
11064
11101
11113
11116
11190
113174
11340
1173
126789
1291
131118
1312
143888
145282
1459
1460
148867
151188
152789
159195
161
162427
1662
169714
1727
1786
1861
196527
2011
201134
202018
2040
2150
2181
219743
2200
2201
22931
22981
23065
23071
23077
23085
23107
23111
23155
23177
23185
23195
23203
23307
23325
23333
23339
23367
23404
23408
23476
23509
23636
23646
23649
23765
23787
24149
25777
25831
25873
25921
25940
25980
25983
26058
26092
26355
26515
26519
26520
26521
26574
2671
2677
26986
26993
27069
2717
27243
27248
27346
27430
2782
2787
2801
GOLGA3
2804
284106
286827
2876
28969
28976
29066
29110
2963
29880
3066
30968
3162
3281
34
3416
3615
3688
382
387
4015
4139
4140
4218
4240
4343
4363
440138
4715
4758
481
4884
4927
4928
5046
50999
51010
51091
51097
51103
51116
51125
5116
51199
51248
51295
51361
51439
51552
51574
51611
51661
523
5318
5327
53347
53371
5352
53938
5422
54439
54477
54480
54602
54850
55027
55116
55131
55206
55285
5538
5557
5558
55621
5566
55676
55700
55711
55735
55755
55757
5576
55768
5577
55823
55829
55833
56257
56605
56850
56915
57106
5714
57142
57153
57222
57534
58155
5861
5862
5878
5898
5910
5962
6046
60493
60681
617
6388
64093
64374
64432
64689
64757
64784
64969
6728
6729
6731
6902
6921
6923
6938
7088
7090
7161
7458
7466
7468
7812
7841
7879
7905
79053
79070
79077
79078
79080
79178
79443
79571
79572
79586
79666
79671
79699
79731
79753
79877
7993
79934
79954
79956
80020
80142
8021
80213
80222
80267
80273
80777
83729
8453
84720
84726
8480
84858
8540
8546
8614
8733
8737
8754
8761
8975
89874
90161
9047
90580
9136
91754
9188
91942
92105
92840
9368
94005
949
9510
9512
9518
9529
9648
9653
9659
9662
9755
9818
9857
9868
9898
9908
9978
51191
608
2887
3696
94234
10216
114132
3039
10894
8332
540
84941
131540
11240
634
394263
AC090498.1
4481
7018
123872
7124
9407
64407
114769
2160
629
4084
116448
160492
5169
3488
2744
5268
100463486
1399
2357
6704
100462977
387707
1475
10326
9075
11005
10642
1960
83879
10964
94122
220441
5055
8519
6512
50486
27445
4332
2220
222553
4599
286343
126393
1000
5304
10715
658
1489
4680
722
134187
9241
4683
3481
55450
1441
2047
2219
113730
5272
49860
50856
389118
951
8366
53942
9245
54979
2568
2822
7348
51156
79679
2153
5118
720
6310
50506
57111
22915
9560
388336
23266
11251
79674
166824
2811
3579
5764
4477
116987
23086
4781
79098
339855
2327
58499
22891
79656
6372
94025
4693
5265
26064
84302
3698
23462
5743
80303
6317
84189
51279
5737
1428
5199
114569
284340
1028
2138
84952
9052
335
121227
362
ZDHHC11B
8794
51454
336
5307
8864
1080
767
213
122046
7042
79983
6947
25924
5563
64762
1946
222389
152503
56243
4311
30811
2814
3945
2
23321
8345
3934
6678
7068
7103
727
4914
1369
866
5216
2064
3700
173
146225
80004
4856
3931
4121
10558
5858
84898
5196
960
183
1397
3982
KIR3DL1
3083
3820
4603
85414
966
576
128553
147646
1356
5473
400668
2022
6444
5802
729830
10219
83854
11098
2625
3908
LGALS9B
4541
4811
3309
7412
57595
7049
2890
401562
7448
9254
5360
54843
3458
51438
23127
6693
4674
57010
259197
7169
64919
3426
5176
9429
5768
2202
3697
10908
731
55937
51548
4125
51393
2548
2819
1839
4924
91663
84875
3101
9780
4046
4296
1535
1650
22846
55741
124565
113
374403
284361
254102
57190
9398
